,X,X_n,Y_n,X_hat,Res_n,Res_hat
0,6.0,-0.7141231979099406,-0.7273528,4.011756896972656,0.013229600075136294,1.9882431030273438
1,0.0,-0.7540466891834363,-1.2230141,-70.47991943359375,0.46896742710379513,70.47991943359375
2,3.0,-0.7340849435466885,-1.3974736,-96.69898986816406,0.6633886301380039,99.69898986816406
3,0.0,-0.7540466891834363,-1.4422184,-103.423583984375,0.6881717337062732,103.423583984375
4,0.0,-0.7540466891834363,-1.4377917,-102.75830078125,0.6837450159480944,102.75830078125
5,0.0,-0.7540466891834363,-1.4216093,-100.3262939453125,0.667562593310155,100.3262939453125
6,0.0,-0.7540466891834363,-1.406459,-98.04939270019531,0.6524122847011462,98.04939270019531
7,0.0,-0.7540466891834363,-1.3953153,-96.3746337890625,0.6412686003139392,96.3746337890625
8,0.0,-0.7540466891834363,-1.387879,-95.25704956054688,0.6338323248317614,95.25704956054688
9,1.0,-0.7473927739711871,-1.3775702,-93.707763671875,0.6301773783115278,94.707763671875
10,4.0,-0.7274310283344392,-1.354211,-90.19717407226562,0.6267799444515105,94.19717407226562
11,0.0,-0.7540466891834363,-1.3616159,-91.31002807617188,0.6075692070415393,91.31002807617188
12,2.0,-0.7407388587589377,-1.3570805,-90.62841796875,0.6163416008357888,92.62841796875
13,0.0,-0.7540466891834363,-1.3643227,-91.71682739257812,0.6102759731700793,91.71682739257812
14,0.0,-0.7540466891834363,-1.3694136,-92.48193359375,0.615366925089635,92.48193359375
15,0.0,-0.7540466891834363,-1.3721184,-92.888427734375,0.6180716646602527,92.888427734375
16,5.0,-0.7207771131221898,-1.3456547,-88.91127014160156,0.6248776129062525,93.91127014160156
17,0.0,-0.7540466891834363,-1.3558166,-90.4384765625,0.6017699135234729,90.4384765625
18,6.0,-0.7141231979099406,-1.3313248,-86.75765991210938,0.6172016178401815,92.75765991210938
19,5.0,-0.7207771131221898,-1.3196034,-84.99609375,0.5988263300235621,89.99609375
20,5.0,-0.7207771131221898,-1.3138288,-84.12823486328125,0.5930517128284327,89.12823486328125
21,5.0,-0.7207771131221898,-1.3107334,-83.66304016113281,0.5899563244159571,88.66304016113281
22,2.0,-0.7407388587589377,-1.3256624,-85.90667724609375,0.5849235157375222,87.90667724609375
23,8.0,-0.700815367485442,-1.3021014,-82.36575317382812,0.6012860061870433,90.36575317382812
24,6.0,-0.7141231979099406,-1.2963128,-81.49580383300781,0.5821896110805379,87.49580383300781
25,4.0,-0.7274310283344392,-1.3056715,-82.90228271484375,0.578240425141513,86.90228271484375
26,4.0,-0.7274310283344392,-1.3122023,-83.8837890625,0.5847713060695525,87.8837890625
27,15.0,-0.6542379609996969,-1.2538067,-75.107666015625,0.5995687492435282,90.107666015625
28,12.0,-0.6741997066364448,-1.2310332,-71.68508911132812,0.5568334993495782,83.68508911132812
29,17.0,-0.6409301305751983,-1.1925431,-65.9005126953125,0.5516130184192475,82.9005126953125
30,14.0,-0.6608918762119462,-1.1849732,-64.76286315917969,0.5240813636867354,78.76286315917969
31,4.0,-0.7274310283344392,-1.2390289,-72.88674926757812,0.5115979023296233,76.88674926757812
32,14.0,-0.6608918762119462,-1.2188911,-69.86029052734375,0.5579992675868819,83.86029052734375
33,7.0,-0.7074692826976913,-1.2399803,-73.02973937988281,0.532511057306276,80.02973937988281
34,4.0,-0.7274310283344392,-1.2729734,-77.98817443847656,0.5455423899013396,81.98817443847656
35,24.0,-0.5943527240894533,-1.1807785,-64.1324462890625,0.5864257793285155,88.1324462890625
36,18.0,-0.6342762153629491,-1.1499783,-59.50355529785156,0.5157020647044948,77.50355529785156
37,1.0,-0.7473927739711871,-1.2331972,-72.01031494140625,0.4858044382480512,73.01031494140625
38,18.0,-0.6342762153629491,-1.1951251,-66.28855895996094,0.5608488876338771,84.28855895996094
39,12.0,-0.6741997066364448,-1.1958325,-66.39486694335938,0.5216327842845757,78.39486694335938
40,17.0,-0.6409301305751983,-1.1718804,-62.795166015625,0.5309502338428315,79.795166015625
41,27.0,-0.5743909784527054,-1.0994155,-51.90460205078125,0.5250245622424851,78.90460205078125
42,7.0,-0.7074692826976913,-1.1651909,-61.789825439453125,0.4577216524371964,68.78982543945312
43,16.0,-0.6475840457874477,-1.1645404,-61.69206237792969,0.5169563642543614,77.69206237792969
44,15.0,-0.6542379609996969,-1.1634234,-61.52418518066406,0.5091854579990214,76.52418518066406
45,20.0,-0.6209683849384505,-1.1348372,-57.22802734375,0.51386876563528,77.22802734375
46,11.0,-0.6808536218486941,-1.1664975,-61.986175537109375,0.4856438470996701,72.98617553710938
47,12.0,-0.6741997066364448,-1.1845934,-64.70578002929688,0.5103937324657281,76.70578002929688
48,16.0,-0.6475840457874477,-1.1713135,-62.70997619628906,0.5237294784587682,78.70997619628906
49,19.0,-0.6276223001506998,-1.1441765,-58.631622314453125,0.5165541830035971,77.63162231445312
50,19.0,-0.6276223001506998,-1.1273158,-56.09765625,0.4996934595081137,75.09765625
51,19.0,-0.6276223001506998,-1.1182895,-54.741119384765625,0.49066717052190767,73.74111938476562
52,27.0,-0.5743909784527054,-1.0684263,-47.247314453125,0.4940352729587326,74.247314453125
53,10.0,-0.6875075370609434,-1.1309946,-56.650543212890625,0.4434870212734072,66.65054321289062
54,33.0,-0.5344674871792097,-1.0473814,-44.08453369140625,0.512913913882802,77.08453369140625
55,19.0,-0.6276223001506998,-1.0640111,-46.583770751953125,0.43638879680364595,65.58377075195312
56,30.0,-0.5544292328159576,-1.0209155,-40.10704040527344,0.4664862754543061,70.10704040527344
57,23.0,-0.6010066393017026,-1.0292304,-41.356658935546875,0.42822371691472805,64.35665893554688
58,26.0,-0.5810448936649547,-1.0216186,-40.21270751953125,0.44057371099507947,66.21270751953125
59,16.0,-0.6475840457874477,-1.0715686,-47.71955871582031,0.4239845624965489,63.71955871582031
60,21.0,-0.6143144697262012,-1.0775319,-48.61578369140625,0.4632174640582837,69.61578369140625
61,42.0,-0.474582250268966,-0.9576807,-30.6036376953125,0.48309845194050666,72.6036376953125
62,52.0,-0.40804309814647305,-0.81657296,-9.396919250488281,0.4085298660449637,61.39691925048828
63,42.0,-0.474582250268966,-0.7895829,-5.3406524658203125,0.31500065788456794,47.34065246582031
64,59.0,-0.36146569166072795,-0.6855361,10.296279907226562,0.3240703948985677,48.70372009277344
65,63.0,-0.3348500308117308,-0.59142524,24.439964294433594,0.2565752092280946,38.560035705566406
66,23.0,-0.6010066393017026,-0.76900667,-2.2482986450195312,0.16800003021962917,25.24829864501953
67,44.0,-0.4612744198444674,-0.7778452,-3.5766220092773438,0.316570784032028,47.576622009277344
68,112.0,-0.008808185411515358,-0.36789677,58.03348922729492,0.3590885800589894,53.96651077270508
69,65.0,-0.3215422003872322,-0.35501525,59.96942138671875,0.03347304767299425,5.03057861328125
70,32.0,-0.5411214023914589,-0.5848649,25.42589569091797,0.04374351202580795,6.574104309082031
71,69.0,-0.29492653953823506,-0.52767134,34.02137756347656,0.2327447975894505,34.97862243652344
72,37.0,-0.5078518263302124,-0.6489743,15.791061401367188,0.14112247310063475,21.208938598632812
73,37.0,-0.5078518263302124,-0.7402453,2.0741806030273438,0.23239345631978148,34.925819396972656
74,60.0,-0.35481177644847867,-0.6565436,14.653488159179688,0.3017318360316849,45.34651184082031
75,59.0,-0.36146569166072795,-0.5954576,23.833946228027344,0.23399192180744222,35.166053771972656
76,110.0,-0.02211601583601395,-0.265345,73.44573211669922,0.24322899134515366,36.55426788330078
77,100.0,-0.08865516795850689,-0.09920326,98.41475677490234,0.010548090794315984,1.5852432250976562
78,105.0,-0.055385591897260424,0.008344087,114.57777404785156,-0.06372967871565746,-9.577774047851562
79,98.0,-0.10196299838300549,0.025096927,117.09551239013672,-0.12705992522116505,-19.09551239013672
80,63.0,-0.3348500308117308,-0.17796215,86.57827758789062,-0.15688787666172166,-23.578277587890625
81,95.0,-0.12192474401975337,-0.13404539,93.17842102050781,0.0121206482551032,1.8215789794921875
82,51.0,-0.41469701335872233,-0.3350952,62.96315383911133,-0.07960181639636577,-11.963153839111328
83,41.0,-0.4812361654812153,-0.539139,32.297935485839844,0.05790280727803154,8.702064514160156
84,95.0,-0.12192474401975337,-0.34350607,61.6991081237793,0.22158132397150335,33.3008918762207
85,95.0,-0.12192474401975337,-0.18465266,85.57278442382812,0.06272791229700383,9.427215576171875
86,75.0,-0.25500304826473924,-0.2145018,81.08683013916016,-0.040501250111815656,-6.086830139160156
87,61.0,-0.3481578612362294,-0.33522263,62.94400405883789,-0.01293522954334303,-1.9440040588378906
88,44.0,-0.4612744198444674,-0.51435965,36.02195739746094,0.053085233151595856,7.9780426025390625
89,69.0,-0.29492653953823506,-0.47933513,41.28570556640625,0.1844085897227818,27.71429443359375
90,37.0,-0.5078518263302124,-0.62193936,19.85407257080078,0.11408753476521605,17.14592742919922
91,45.0,-0.4546205046322181,-0.67922765,11.244361877441406,0.22460714553333977,33.755638122558594
92,58.0,-0.3681196068729773,-0.6284847,18.870384216308594,0.26036511907917115,39.129615783691406
93,55.0,-0.38808135250972514,-0.60559016,22.31114959716797,0.21750881215168233,32.68885040283203
94,35.0,-0.5211596567547111,-0.71267694,6.217353820800781,0.19151728559376913,28.78264617919922
95,73.0,-0.26831087868923786,-0.5673333,28.060684204101562,0.2990224023509538,44.93931579589844
96,45.0,-0.4546205046322181,-0.6181446,20.42438507080078,0.16352406714894036,24.57561492919922
97,57.0,-0.3747735220852266,-0.6002068,23.120208740234375,0.22543327026935717,33.879791259765625
98,35.0,-0.5211596567547111,-0.7100454,6.6128387451171875,0.18888574052693563,28.387161254882812
99,51.0,-0.41469701335872233,-0.69455963,8.940155029296875,0.2798626203731197,42.059844970703125
100,26.0,-0.5810448936649547,-0.8174972,-9.535812377929688,0.23645230014836927,35.53581237792969
101,38.0,-0.5011979111179632,-0.83442754,-12.080230712890625,0.33322962441594184,50.080230712890625
102,27.0,-0.5743909784527054,-0.8976684,-21.584548950195312,0.32327744281575777,48.58454895019531
103,28.0,-0.5677370632404561,-0.9339891,-27.0430908203125,0.366252044368339,55.0430908203125
104,35.0,-0.5211596567547111,-0.9128446,-23.865341186523438,0.39168494153859335,58.86534118652344
105,26.0,-0.5810448936649547,-0.94739586,-29.057952880859375,0.3663509674838795,55.057952880859375
106,16.0,-0.6475840457874477,-1.0294645,-41.391845703125,0.38188043747366074,57.391845703125
107,31.0,-0.5477753176037082,-0.9972071,-36.54396057128906,0.4494317875560513,67.54396057128906
108,12.0,-0.6741997066364448,-1.0755565,-48.31889343261719,0.40135681001089407,60.31889343261719
109,34.0,-0.5278135719669603,-1.0079061,-38.151885986328125,0.48009250732533704,72.15188598632812
110,36.0,-0.5145057415424618,-0.943561,-28.48162841796875,0.4290552759708134,64.48162841796875
111,27.0,-0.5743909784527054,-0.9587147,-30.759033203125,0.38432374513433076,57.759033203125
112,18.0,-0.6342762153629491,-1.025115,-40.73817443847656,0.3908387977596095,58.73817443847656
113,30.0,-0.5544292328159576,-1.0002211,-36.99693298339844,0.4457919004161591,66.99693298339844
114,19.0,-0.6276223001506998,-1.039266,-42.86488342285156,0.41164369010656343,61.86488342285156
115,16.0,-0.6475840457874477,-1.0851271,-49.757232666015625,0.43754306946218613,65.75723266601562
116,17.0,-0.6409301305751983,-1.1069636,-53.03898620605469,0.4660335039157685,70.03898620605469
117,32.0,-0.5411214023914589,-1.0335414,-42.00456237792969,0.4924200385722862,74.00456237792969
118,48.0,-0.43465875899547024,-0.88957655,-20.368438720703125,0.45491779530293064,68.36843872070312
119,20.0,-0.6209683849384505,-0.96006,-30.961212158203125,0.3390916154811662,50.961212158203125
120,28.0,-0.5677370632404561,-0.975226,-33.240478515625,0.4074889218097453,61.240478515625
121,36.0,-0.5145057415424618,-0.9318268,-26.718124389648438,0.4173210287631718,62.71812438964844
122,15.0,-0.6542379609996969,-1.0201738,-39.99555969238281,0.3659358270709818,54.99555969238281
123,13.0,-0.6675457914241956,-1.0947837,-51.20849609375,0.42723787232549926,64.20849609375
124,40.0,-0.48789008069346457,-0.98429006,-34.602691650390625,0.4963999826877305,74.60269165039062
125,42.0,-0.474582250268966,-0.89049715,-20.506790161132812,0.4159148977679908,62.50679016113281
126,33.0,-0.5344674871792097,-0.8900695,-20.442520141601562,0.3556019975314837,53.44252014160156
127,36.0,-0.5145057415424618,-0.8810811,-19.0916748046875,0.3665753627361027,55.0916748046875
128,37.0,-0.5078518263302124,-0.8682386,-17.16162109375,0.3603868015804016,54.16162109375
129,1.0,-0.7473927739711871,-1.0643437,-46.63374328613281,0.3169509169010053,47.63374328613281
130,4.0,-0.7274310283344392,-1.179657,-63.963897705078125,0.4522259540874358,67.96389770507812
131,30.0,-0.5544292328159576,-1.0933297,-50.98997497558594,0.5389004352290864,80.98997497558594
132,20.0,-0.6209683849384505,-1.0831082,-49.45381164550781,0.46213980178335123,69.45381164550781
133,19.0,-0.6276223001506998,-1.0912099,-50.67140197753906,0.4635875883075522,69.67140197753906
134,20.0,-0.6209683849384505,-1.0920742,-50.80128479003906,0.4711057708690446,70.80128479003906
135,33.0,-0.5344674871792097,-1.0185672,-39.754119873046875,0.48409971729619317,72.75411987304688
136,21.0,-0.6143144697262012,-1.0366338,-42.46931457519531,0.42231937941778075,63.46931457519531
137,19.0,-0.6276223001506998,-1.0665671,-46.9678955078125,0.43894476318090425,65.9678955078125
138,37.0,-0.5078518263302124,-0.982729,-34.36808776855469,0.47487719140431517,71.36808776855469
139,32.0,-0.5411214023914589,-0.95124465,-29.636383056640625,0.41012324987981186,61.636383056640625
140,39.0,-0.49454399590571385,-0.89707214,-21.49493408203125,0.4025281404964163,60.49493408203125
141,34.0,-0.5278135719669603,-0.8915302,-20.66204833984375,0.36371664377324353,54.66204833984375
142,47.0,-0.4413126742077195,-0.8169042,-9.446693420410156,0.3755915129947341,56.446693420410156
143,25.0,-0.587698808877204,-0.89332145,-20.931259155273438,0.30562264564778985,45.93125915527344
144,27.0,-0.5743909784527054,-0.9406727,-28.04754638671875,0.3662817171840439,55.04754638671875
145,37.0,-0.5078518263302124,-0.9071749,-23.01324462890625,0.3993230589427673,60.01324462890625
146,35.0,-0.5211596567547111,-0.89144284,-20.64892578125,0.37028317857625204,55.64892578125
147,36.0,-0.5145057415424618,-0.87863266,-18.723709106445312,0.3641269231380192,54.72370910644531
148,34.0,-0.5278135719669603,-0.8830617,-19.38934326171875,0.3552481350528456,53.38934326171875
149,50.0,-0.4213509285709716,-0.794059,-6.013343811035156,0.37270804998661505,56.013343811035156
150,24.0,-0.5943527240894533,-0.883216,-19.41253662109375,0.2888632993556761,43.41253662109375
151,41.0,-0.4812361654812153,-0.85457045,-15.107467651367188,0.3733342829173748,56.10746765136719
152,28.0,-0.5677370632404561,-0.90117866,-22.112091064453125,0.3334415947681193,50.112091064453125
153,30.0,-0.5544292328159576,-0.9246629,-25.6414794921875,0.3702336552341218,55.6414794921875
154,24.0,-0.5943527240894533,-0.9697682,-32.42024230957031,0.3754155020572447,56.42024230957031
155,22.0,-0.6076605545139518,-1.0094779,-38.38810729980469,0.40181729926107257,60.38810729980469
156,32.0,-0.5411214023914589,-0.9760976,-33.3714599609375,0.43497618137929306,65.3714599609375
157,3.0,-0.7340849435466885,-1.1140758,-54.10786437988281,0.37999083636816744,57.10786437988281
158,24.0,-0.5943527240894533,-1.0918691,-50.770477294921875,0.4975163917400145,74.77047729492188
159,23.0,-0.6010066393017026,-1.0707798,-47.60101318359375,0.46977316111333645,70.60101318359375
160,26.0,-0.5810448936649547,-1.0429815,-43.42327880859375,0.4619366117290272,69.42327880859375
161,34.0,-0.5278135719669603,-0.98118377,-34.13584899902344,0.45337019535176526,68.13584899902344
162,21.0,-0.6143144697262012,-1.0153179,-39.26579284667969,0.401003447143916,60.26579284667969
163,25.0,-0.587698808877204,-1.021088,-40.132965087890625,0.4333891952350396,65.13296508789062
164,21.0,-0.6143144697262012,-1.0438099,-43.54777526855469,0.42949542102086913,64.54777526855469
165,20.0,-0.6209683849384505,-1.064199,-46.61199951171875,0.4432305858562272,66.61199951171875
166,27.0,-0.5743909784527054,-1.0366207,-42.46733093261719,0.462229757669426,69.46733093261719
167,18.0,-0.6342762153629491,-1.067103,-47.04844665527344,0.4328268129344752,65.04844665527344
168,38.0,-0.5011979111179632,-0.9772609,-33.546295166015625,0.47606297650487006,71.54629516601562
169,32.0,-0.5411214023914589,-0.94733846,-29.049331665039062,0.40621705948445663,61.04933166503906
170,21.0,-0.6143144697262012,-0.99813396,-36.683258056640625,0.38381948765981566,57.683258056640625
171,14.0,-0.6608918762119462,-1.0737371,-48.04547119140625,0.4128452682582686,62.04547119140625
172,19.0,-0.6276223001506998,-1.0913138,-50.68702697753906,0.4636915388080405,69.68702697753906
173,29.0,-0.5610831480282068,-1.0405353,-43.05564880371094,0.4794521827441931,72.05564880371094
174,27.0,-0.5743909784527054,-1.0167623,-39.48284912109375,0.4423712781696091,66.48284912109375
175,34.0,-0.5278135719669603,-0.9658737,-31.834945678710938,0.4380601462947584,65.83494567871094
176,42.0,-0.474582250268966,-0.8863614,-19.885238647460938,0.41177916988560553,61.88523864746094
177,39.0,-0.49454399590571385,-0.853985,-15.01947021484375,0.35944101567189235,54.01947021484375
178,24.0,-0.5943527240894533,-0.92610973,-25.858917236328125,0.3317570071079039,49.858917236328125
179,23.0,-0.6010066393017026,-0.98217064,-34.28416442871094,0.3811640021205691,57.28416442871094
180,25.0,-0.587698808877204,-1.0012152,-37.146331787109375,0.4135164106204766,62.146331787109375
181,32.0,-0.5411214023914589,-0.9696343,-32.400115966796875,0.4285128921184288,64.40011596679688
182,44.0,-0.4612744198444674,-0.8771417,-18.4996337890625,0.41586729425160196,62.4996337890625
183,41.0,-0.4812361654812153,-0.83465475,-12.1143798828125,0.35341858295857354,53.1143798828125
184,37.0,-0.5078518263302124,-0.83804643,-12.624107360839844,0.33019460521123045,49.624107360839844
185,14.0,-0.6608918762119462,-0.97557944,-33.29359436035156,0.31468756438177325,47.29359436035156
186,34.0,-0.5278135719669603,-0.9537673,-30.0155029296875,0.4259537276851393,64.0155029296875
187,30.0,-0.5544292328159576,-0.9488235,-29.27252197265625,0.3943942787845368,59.27252197265625
188,38.0,-0.5011979111179632,-0.901805,-22.206222534179688,0.40060707249791205,60.20622253417969
189,48.0,-0.43465875899547024,-0.8120993,-8.724578857421875,0.3774405189777048,56.724578857421875
190,49.0,-0.4280048437832209,-0.7494335,0.69329833984375,0.3214286736728338,48.30670166015625
191,50.0,-0.4213509285709716,-0.7094598,6.7008514404296875,0.2881088530757569,43.29914855957031
192,58.0,-0.3681196068729773,-0.64099085,16.990875244140625,0.27287124643665406,41.009124755859375
193,50.0,-0.4213509285709716,-0.64367044,16.588165283203125,0.2223195111491822,33.411834716796875
194,49.0,-0.4280048437832209,-0.65825486,14.396308898925781,0.23025001804844414,34.60369110107422
195,37.0,-0.5078518263302124,-0.7372857,2.5189666748046875,0.22943384728810423,34.48103332519531
196,45.0,-0.4546205046322181,-0.7432186,1.6273269653320312,0.2885980961177514,43.37267303466797
197,56.0,-0.38142743729747586,-0.6748397,11.903823852539062,0.2934122381290073,44.09617614746094
198,63.0,-0.3348500308117308,-0.58618045,25.228187561035156,0.2513304177203737,37.771812438964844
199,61.0,-0.3481578612362294,-0.5437817,31.600189208984375,0.19562383651386217,29.399810791015625
200,64.0,-0.32819611559948153,-0.506228,37.24403381347656,0.17803191412845426,26.755966186523438
201,64.0,-0.32819611559948153,-0.48414174,40.563331604003906,0.15594562162318998,23.436668395996094
202,66.0,-0.3148882851749829,-0.46072873,44.082008361816406,0.1458404495566913,21.917991638183594
203,75.0,-0.25500304826473924,-0.39387643,54.12907028198242,0.13887338510775832,20.870929718017578
204,86.0,-0.181809980929997,-0.2852911,70.44808959960938,0.10348112457880732,15.551910400390625
205,89.0,-0.16184823529324913,-0.19917324,83.39051818847656,0.03732500656046486,5.6094818115234375
206,98.0,-0.10196299838300549,-0.09851697,98.51789855957031,-0.0034460275101264592,-0.5178985595703125
207,85.0,-0.18846389614224632,-0.11298856,96.3429946899414,-0.07547533475041587,-11.342994689941406
208,98.0,-0.10196299838300549,-0.058417168,104.54439544677734,-0.04354583086844288,-6.544395446777344
209,97.0,-0.10861691359525477,-0.02346846,109.79674530029297,-0.08514845270758425,-12.796745300292969
210,109.0,-0.028769931048263243,0.0646756,123.04369354248047,-0.09344553038488738,-14.043693542480469
211,110.0,-0.02211601583601395,0.12853822,132.64144897460938,-0.1506542369568483,-22.641448974609375
212,110.0,-0.02211601583601395,0.16310477,137.83636474609375,-0.18522078840376296,-27.83636474609375
213,110.0,-0.02211601583601395,0.18022811,140.4097900390625,-0.20234412996412673,-30.4097900390625
214,116.0,0.01780747543748182,0.22356248,146.92239379882812,-0.20575500358168322,-30.922393798828125
215,115.0,0.011153560225232527,0.24671835,150.40243530273438,-0.23556478684736878,-35.402435302734375
216,110.0,-0.02211601583601395,0.22871235,147.69635009765625,-0.25082836596609515,-37.69635009765625
217,117.0,0.024461390649731116,0.25467747,151.5985870361328,-0.23021608384901765,-34.59858703613281
218,119.0,0.037769221074229704,0.287992,156.6053466796875,-0.2502227795056043,-37.6053466796875
219,117.0,0.024461390649731116,0.29672313,157.9175262451172,-0.2722617367153812,-40.91752624511719
220,120.0,0.044423136286479,0.316964,160.95947265625,-0.27254086417700674,-40.95947265625
221,126.0,0.08434662755997477,0.3665505,168.41171264648438,-0.2822038776013106,-42.411712646484375
222,120.0,0.044423136286479,0.36422122,168.0616455078125,-0.31979807896162893,-48.0616455078125
223,118.0,0.03111530586198041,0.3443311,165.07240295410156,-0.31321577981993487,-47.07240295410156
224,127.0,0.09100054277222407,0.3842559,171.07260131835938,-0.2932553433056568,-44.072601318359375
225,128.0,0.09765445798447336,0.42187443,176.7261962890625,-0.32421997577140127,-48.7261962890625
226,85.0,-0.18846389614224632,0.19027168,141.91920471191406,-0.3787355717289468,-56.91920471191406
227,129.0,0.10430837319672265,0.2792182,155.28675842285156,-0.17490982367217384,-26.286758422851562
228,130.0,0.11096228840897195,0.37875938,170.24655151367188,-0.2677970957463015,-40.246551513671875
229,137.0,0.157539694894717,0.4800395,185.46768188476562,-0.32249981225593305,-48.467681884765625
230,148.0,0.23073276222945927,0.6054116,204.30953979492188,-0.37467882691620114,-56.309539794921875
231,152.0,0.25734842307845646,0.7085703,219.81298828125,-0.4512218784542889,-67.81298828125
232,150.0,0.24404059265395783,0.75344044,226.55641174316406,-0.5093998470471225,-76.55641174316406
233,160.0,0.3105797447764508,0.83615255,238.98699951171875,-0.5255728087818988,-78.98699951171875
234,170.0,0.37711889689894373,0.9544159,256.760498046875,-0.5772970204976017,-86.760498046875
235,167.0,0.3571571512621958,1.008664,264.913330078125,-0.6515068606930654,-97.913330078125
236,165.0,0.34384932083769726,1.0187255,266.4254150390625,-0.674876193574229,-101.4254150390625
237,163.0,0.3305414904131987,1.0060748,264.524169921875,-0.6755332957730196,-101.524169921875
238,169.0,0.37046498168669445,1.0345081,268.79736328125,-0.6640431274060179,-99.79736328125
239,167.0,0.3571571512621958,1.0438782,270.20556640625,-0.6867210464077871,-103.20556640625
240,169.0,0.37046498168669445,1.0595794,272.56524658203125,-0.6891143907193114,-103.56524658203125
241,170.0,0.37711889689894373,1.0760767,275.04461669921875,-0.6989578490879947,-105.04461669921875
242,175.0,0.4103884729601902,1.1180282,281.349365234375,-0.7076396909497219,-106.349365234375
243,178.0,0.4303502185969381,1.1651609,288.4328308105469,-0.7348106757969828,-110.43283081054688
244,180.0,0.4436580490214367,1.2058839,294.552978515625,-0.762225811566637,-114.552978515625
245,185.0,0.47692762508268316,1.2602366,302.7215270996094,-0.783308995820332,-117.72152709960938
246,195.0,0.5434667772051761,1.3557453,317.0752868652344,-0.8122785383465817,-122.07528686523438
247,194.0,0.5368128619929268,1.4110966,325.39385986328125,-0.8742837108830498,-131.39385986328125
248,195.0,0.5434667772051761,1.4440496,330.3463134765625,-0.9005828195813229,-135.3463134765625
249,195.0,0.5434667772051761,1.460356,332.79693603515625,-0.9168892198803952,-137.79693603515625
250,199.0,0.5700824380541732,1.4922359,337.5881042480469,-0.9221534609173844,-138.58810424804688
251,199.0,0.5700824380541732,1.5130789,340.7205505371094,-0.9429964899396012,-141.72055053710938
252,198.0,0.563428522841924,1.5175586,341.393798828125,-0.9541300518345897,-143.393798828125
253,880.0,5.101398697595943,5.575688,951.27978515625,-0.4742891876884805,-71.27978515625
254,250.0,0.9094321138788873,4.227288,748.632080078125,-3.3178556554387395,-498.632080078125
255,284.0,1.1356652310953634,3.4369066,629.8477783203125,-2.3012413450612526,-345.8477783203125
256,335.0,1.4750149069200773,3.2359917,599.6527099609375,-1.7609768094648104,-264.6527099609375
257,271.0,1.0491643333361225,2.892599,548.045166015625,-1.8434347724988385,-277.045166015625
258,297.0,1.2221661288546042,2.7998827,534.1110229492188,-1.577716521520762,-237.11102294921875
259,330.0,1.4417453308588308,2.9265916,553.15380859375,-1.4848463038915354,-223.15380859375
260,329.0,1.4350914156465815,3.0178168,566.86376953125,-1.5827253663510992,-237.86376953125
261,328.0,1.4284375004343324,3.0616648,573.45361328125,-1.6332273192830749,-245.45361328125
262,348.0,1.5615158046793183,3.17541,590.548095703125,-1.6138942275930206,-242.548095703125
263,359.0,1.6347088720140603,3.2968833,608.803955078125,-1.6621744726362082,-249.803955078125
264,357.0,1.6214010415895619,3.3536327,617.3327026367188,-1.732231646932777,-260.33270263671875
265,375.0,1.741171515410049,3.4642236,633.953125,-1.7230521078657077,-258.953125
266,393.0,1.8609419892305366,3.6127446,656.27392578125,-1.7518025805479058,-263.27392578125
267,395.0,1.874249819655035,3.7024024,669.7484130859375,-1.8281525336317082,-274.7484130859375
268,394.0,1.8675959044427857,3.7389572,675.2421875,-1.8713612622289673,-281.2421875
269,398.0,1.894211565291783,3.7716882,680.1612548828125,-1.8774766575933488,-282.1612548828125
270,416.0,2.0139820391122703,3.8740323,695.542236328125,-1.8600502198751565,-279.542236328125
271,442.0,2.1869838346307517,4.056486,722.9627685546875,-1.8695022951299904,-280.9627685546875
272,416.0,2.0139820391122703,4.0281568,718.7052001953125,-2.014174718242466,-302.7052001953125
273,425.0,2.073867276022514,4.042534,720.865966796875,-1.9686665984892047,-295.865966796875
274,398.0,1.894211565291783,3.9219372,702.74169921875,-2.0277256619573625,-304.74169921875
275,396.0,1.8809037348672843,3.8403623,690.4820556640625,-1.9594585755422615,-294.4820556640625
276,394.0,1.8675959044427857,3.7904875,682.9864501953125,-1.9228916234045044,-288.9864501953125
277,395.0,1.874249819655035,3.7719615,680.2022705078125,-1.8977116309217472,-285.2022705078125
278,392.0,1.8542880740182872,3.7511666,677.0770263671875,-1.8968785080892567,-285.0770263671875
279,303.0,1.2620896201281,3.328766,613.5955810546875,-2.066676487431104,-310.5955810546875
280,270.0,1.0425104181238731,2.9140909,551.2750854492188,-1.87158045368704,-281.27508544921875
281,205.0,0.6100059293276691,2.3702905,469.5487060546875,-1.7602845884793377,-264.5487060546875
282,245.0,0.8761625378176409,2.2207363,447.07257080078125,-1.3445737273648541,-202.07257080078125
283,195.0,0.5434667772051761,1.8971888,398.44744873046875,-1.3537220054867793,-203.44744873046875
284,242.0,0.856200792180893,1.9617453,408.14947509765625,-1.1055444699651031,-166.14947509765625
285,261.0,0.9826251812136295,2.1482344,436.17645263671875,-1.165609186156976,-175.17645263671875
286,167.0,0.3571571512621958,1.7284136,373.0826416015625,-1.3712564305859487,-206.0826416015625
287,183.0,0.4636197946581846,1.4931972,337.7325744628906,-1.0295774080243105,-154.73257446289062
288,205.0,0.6100059293276691,1.515574,341.09552001953125,-0.9055680490964032,-136.09552001953125
289,239.0,0.836239046544145,1.7764715,380.3051452636719,-0.9402324490842119,-141.30514526367188
290,229.0,0.7696998944216521,1.896073,398.2797546386719,-1.1263730893201083,-169.27975463867188
291,245.0,0.8761625378176409,2.0416286,420.1549377441406,-1.1654660613492291,-175.15493774414062
292,199.0,0.5700824380541732,1.8498529,391.3334655761719,-1.279770481524379,-192.33346557617188
293,274.0,1.0691260789728705,2.1275423,433.0666809082031,-1.0584161783360895,-159.06668090820312
294,184.0,0.4702737098704339,1.8315804,388.58734130859375,-1.361306690596485,-204.58734130859375
295,271.0,1.0491643333361225,2.0922177,427.7578430175781,-1.0430533504559918,-156.75784301757812
296,210.0,0.6432755053889155,1.9631913,408.3667907714844,-1.3199157654393314,-198.36679077148438
297,183.0,0.4636197946581846,1.6706407,364.4001159667969,-1.2070209123578066,-181.40011596679688
298,197.0,0.5567746076296747,1.5616004,348.0127258300781,-1.0048258390713751,-151.01272583007812
299,132.0,0.12427011883347054,1.1142701,280.7845764160156,-0.9899999722233532,-148.78457641601562
300,195.0,0.5434667772051761,1.2042639,294.30950927734375,-0.660797148347192,-99.30950927734375
301,163.0,0.3305414904131987,1.1288651,282.97802734375,-0.7983236323819063,-119.97802734375
302,181.0,0.45031196423368597,1.1762196,290.0948181152344,-0.7259076183239923,-109.09481811523438
303,92.0,-0.14188648965650125,0.6714774,214.23838806152344,-0.8133638670712047,-122.23838806152344
304,145.0,0.21077101659271136,0.62621486,207.43600463867188,-0.41544384527710065,-62.436004638671875
305,63.0,-0.3348500308117308,0.1793507,140.27792358398438,-0.5142007347664275,-77.27792358398438
306,98.0,-0.10196299838300549,0.07348099,124.36703491210938,-0.1754439918922981,-26.367034912109375
307,136.0,0.15088577968246772,0.272806,154.32308959960938,-0.12192020910613702,-18.323089599609375
308,171.0,0.383772812111193,0.6411678,209.68324279785156,-0.25739500738877646,-38.68324279785156
309,150.0,0.24404059265395783,0.748882,225.871337890625,-0.5048414030239902,-75.871337890625
310,165.0,0.34384932083769726,0.8742793,244.71697998046875,-0.5304299994023235,-79.71697998046875
311,115.0,0.011153560225232527,0.6420174,209.81092834472656,-0.6308638638813654,-94.81092834472656
312,42.0,-0.474582250268966,0.038940284,119.17599487304688,-0.5135225346701444,-77.17599487304688
313,101.0,-0.0820012527462576,-0.009053436,111.96314239501953,-0.07294781663832407,-10.963142395019531
314,124.0,0.07103879713547617,0.15991768,137.35739135742188,-0.08887888527381033,-13.357391357421875
315,163.0,0.3305414904131987,0.51540834,190.78317260742188,-0.18486684670304276,-27.783172607421875
316,83.0,-0.2017717265667449,0.2709337,154.0417022705078,-0.4727054142536651,-71.04170227050781
317,93.0,-0.13523257444425196,0.114962965,130.60125732421875,-0.2501955396942672,-37.60125732421875
318,40.0,-0.48789008069346457,-0.2723247,72.39677429199219,-0.21556536960909872,-32.39677429199219
319,81.0,-0.21507955699124348,-0.28530803,70.44554138183594,0.07022847623667705,10.554458618164062
320,76.0,-0.24834913305248996,-0.28046486,71.17340850830078,0.03211572476420621,4.826591491699219
321,65.0,-0.3215422003872322,-0.3427808,61.80810546875,0.02123859828639757,3.19189453125
322,115.0,0.011153560225232527,-0.097068876,98.73552703857422,0.10822243625329345,16.26447296142578
323,111.0,-0.015462100623764652,0.05848441,122.11323547363281,-0.0739465096282145,-11.113235473632812
324,104.0,-0.062039507109509714,0.096886426,127.88457489013672,-0.15892593331991317,-23.88457489013672
325,58.0,-0.3681196068729773,-0.16157874,89.0405044555664,-0.2065408622230902,-31.040504455566406
326,59.0,-0.36146569166072795,-0.33936197,62.32191467285156,-0.022103726004447433,-3.3219146728515625
327,70.0,-0.2882726243259857,-0.36883506,57.89247512817383,0.08056243746257324,12.107524871826172
328,115.0,0.011153560225232527,-0.1078383,97.11701965332031,0.1189918630759558,17.882980346679688
329,91.0,-0.14854040486875056,-0.062471416,103.93508911132812,-0.08606898902121066,-12.935089111328125
330,115.0,0.011153560225232527,0.07734695,124.94803619384766,-0.0661933905441919,-9.948036193847656
331,111.0,-0.015462100623764652,0.14738417,135.4737548828125,-0.16284626734129395,-24.4737548828125
332,117.0,0.024461390649731116,0.21565229,145.7335968017578,-0.19119089635664704,-28.733596801757812
333,54.0,-0.3947352677219744,-0.1107299,96.68244934082031,-0.28400536473926263,-42.68244934082031
334,63.0,-0.3348500308117308,-0.29307914,69.27764129638672,-0.04177089300960679,-6.277641296386719
335,72.0,-0.27496479390148715,-0.32945153,63.81132888793945,0.05448673727031156,8.188671112060547
336,75.0,-0.25500304826473924,-0.31777582,65.5660400390625,0.0627727674605873,9.4339599609375
337,96.0,-0.11527082880750407,-0.1847063,85.5647201538086,0.06943547168955098,10.435279846191406
338,94.0,-0.12857865923200265,-0.10549644,97.4689712524414,-0.023082222874504482,-3.4689712524414062
339,99.0,-0.09530908317075619,-0.03697696,107.76658630371094,-0.05833212361441502,-8.766586303710938
340,89.0,-0.16184823529324913,-0.056124594,104.8889389038086,-0.10572364123068237,-15.888938903808594
341,92.0,-0.14188648965650125,-0.059610333,104.36507415771484,-0.08227615636282487,-12.365074157714844
342,90.0,-0.15519432008099984,-0.07085034,102.67584228515625,-0.0843439775688691,-12.67584228515625
343,97.0,-0.10861691359525477,-0.03739449,107.7038345336914,-0.07122242350226199,-10.703834533691406
344,94.0,-0.12857865923200265,-0.02998909,108.81678009033203,-0.09858956941519395,-14.816780090332031
345,98.0,-0.10196299838300549,-0.0055083903,112.49591827392578,-0.0964546081277331,-14.495918273925781
346,89.0,-0.16184823529324913,-0.0414153,107.09956359863281,-0.12043293507299804,-18.099563598632812
347,53.0,-0.40138918293422376,-0.27885625,71.4151611328125,-0.12253293527072584,-18.4151611328125
348,34.0,-0.5278135719669603,-0.55013376,30.645553588867188,0.022320192776844605,3.3544464111328125
349,75.0,-0.25500304826473924,-0.4724696,42.3175048828125,0.21746654979014662,32.6824951171875
350,94.0,-0.12857865923200265,-0.27875456,71.43045043945312,0.15017590290750846,22.569549560546875
351,97.0,-0.10861691359525477,-0.13695297,92.74144744873047,0.028336052856390126,4.258552551269531
352,95.0,-0.12192474401975337,-0.07250038,102.42786407470703,-0.04942436612630549,-7.427864074707031
353,92.0,-0.14188648965650125,-0.06090465,104.1705551147461,-0.08098184150152726,-12.170555114746094
354,52.0,-0.40804309814647305,-0.29239824,69.37997436523438,-0.1156448540039407,-17.379974365234375
355,66.0,-0.3148882851749829,-0.3726652,57.316856384277344,0.05777691148219788,8.683143615722656
356,68.0,-0.30158045475048434,-0.39012653,54.69263458251953,0.08854607160525907,13.307365417480469
357,73.0,-0.26831087868923786,-0.36506233,58.45947265625,0.09675144750361797,14.54052734375
358,70.0,-0.2882726243259857,-0.36395204,58.6263313293457,0.07567941634631653,11.373668670654297
359,69.0,-0.29492653953823506,-0.372414,57.35460662841797,0.07748745334353985,11.645393371582031
360,68.0,-0.30158045475048434,-0.38444343,55.54673385620117,0.08286297734218229,12.453266143798828
361,63.0,-0.3348500308117308,-0.4211373,50.0321044921875,0.08628727230220656,12.9678955078125
362,73.0,-0.26831087868923786,-0.38715225,55.13963317871094,0.11884137589221355,17.860366821289062
363,76.0,-0.24834913305248996,-0.34185922,61.94660568237305,0.0935100884059451,14.053394317626953
364,69.0,-0.29492653953823506,-0.35515186,59.948890686035156,0.06022532236781658,9.051109313964844
365,71.0,-0.28161870911373643,-0.3578687,59.540584564208984,0.07624999210582228,11.459415435791016
366,46.0,-0.4479665894199688,-0.5038233,37.605438232421875,0.05585669091450385,8.394561767578125
367,51.0,-0.41469701335872233,-0.5758528,26.780303955078125,0.161155797977795,24.219696044921875
368,67.0,-0.3082343699627336,-0.5164547,35.70709991455078,0.20822032669253981,31.29290008544922
369,77.0,-0.24169521784024067,-0.40939948,51.7961540222168,0.16770426178736858,25.203845977783203
370,89.0,-0.16184823529324913,-0.2720378,72.43989562988281,0.11018956883349038,16.560104370117188
371,91.0,-0.14854040486875056,-0.17654845,86.79074096679688,0.028008046316475882,4.209259033203125
372,81.0,-0.21507955699124348,-0.18335745,85.7674331665039,-0.03172210960545552,-4.767433166503906
373,79.0,-0.22838738741574208,-0.20991907,81.77555847167969,-0.01846832217869679,-2.7755584716796875
374,51.0,-0.41469701335872233,-0.38997167,54.71590805053711,-0.02472533987010539,-3.7159080505371094
375,50.0,-0.4213509285709716,-0.51775104,35.51227569580078,0.09640010950352179,14.487724304199219
376,44.0,-0.4612744198444674,-0.62138504,19.93738555908203,0.16011061805454996,24.06261444091797
377,67.0,-0.3082343699627336,-0.5459866,31.268821716308594,0.23775222280688918,35.731178283691406
378,70.0,-0.2882726243259857,-0.46547118,43.36927795410156,0.17719855396724243,26.630722045898438
379,67.0,-0.3082343699627336,-0.4363872,47.740234375,0.12815284112163222,19.259765625
380,66.0,-0.3148882851749829,-0.43114832,48.52757263183594,0.11626003526149475,17.472427368164062
381,49.0,-0.4280048437832209,-0.52969426,33.71735382080078,0.10168941538349663,15.282646179199219
382,59.0,-0.36146569166072795,-0.54025877,32.12964630126953,0.17879307355991414,26.87035369873047
383,51.0,-0.41469701335872233,-0.58319575,25.67675018310547,0.16849873258625447,25.32324981689453
384,70.0,-0.2882726243259857,-0.50149274,37.9556884765625,0.21322011439776917,32.0443115234375
385,73.0,-0.26831087868923786,-0.42239332,49.84334182739258,0.15408244330172893,23.156658172607422
386,71.0,-0.28161870911373643,-0.38837782,54.9554443359375,0.10675910637126418,16.0445556640625
387,69.0,-0.29492653953823506,-0.38497487,55.46686553955078,0.09004832756724895,13.533134460449219
388,49.0,-0.4280048437832209,-0.5026396,37.78333282470703,0.07463474791065727,11.216667175292969
389,55.0,-0.38808135250972514,-0.54951864,30.737998962402344,0.16143729229999776,24.262001037597656
390,59.0,-0.36146569166072795,-0.5455071,31.34088897705078,0.18404138174167683,27.65911102294922
391,59.0,-0.36146569166072795,-0.5380313,32.46440887451172,0.17656558838001302,26.53559112548828
392,69.0,-0.29492653953823506,-0.47539127,41.87841796875,0.18046472919192852,27.12158203125
393,78.0,-0.2350413026279914,-0.38018417,56.18684768676758,0.145142870955993,21.813152313232422
394,51.0,-0.41469701335872233,-0.47838506,41.42848205566406,0.06368804766689717,9.571517944335938
395,45.0,-0.4546205046322181,-0.59217507,24.3272705078125,0.13755456183888176,20.6727294921875
396,52.0,-0.40804309814647305,-0.6189746,20.299636840820312,0.2109315279178275,31.700363159179688
397,65.0,-0.3215422003872322,-0.54947644,30.744338989257812,0.22793424433398973,34.25566101074219
398,69.0,-0.29492653953823506,-0.47539583,41.87773132324219,0.18046928894725384,27.122268676757812
399,72.0,-0.27496479390148715,-0.41442475,51.040916442871094,0.1394599533271353,20.959083557128906
400,90.0,-0.15519432008099984,-0.27504322,71.98821258544922,0.1198488992469268,18.01178741455078
401,77.0,-0.24169521784024067,-0.25984532,74.27227020263672,0.018150098569824025,2.7277297973632812
402,69.0,-0.29492653953823506,-0.31131825,66.53652954101562,0.016391708972125663,2.463470458984375
403,51.0,-0.41469701335872233,-0.45300674,45.242530822753906,0.03830973102604329,5.757469177246094
404,35.0,-0.5211596567547111,-0.6384227,17.3768310546875,0.11726307083012777,17.6231689453125
405,49.0,-0.4280048437832209,-0.6693024,12.736000061035156,0.24129756014362846,36.263999938964844
406,40.0,-0.48789008069346457,-0.724146,4.4936981201171875,0.23625592779805155,35.50630187988281
407,57.0,-0.3747735220852266,-0.6611053,13.967926025390625,0.2863317530688872,43.032073974609375
408,53.0,-0.40138918293422376,-0.6357097,17.784561157226562,0.23432052003437365,35.21543884277344
409,52.0,-0.40804309814647305,-0.63165545,18.39386749267578,0.22361235648914707,33.60613250732422
410,51.0,-0.41469701335872233,-0.6375304,17.510940551757812,0.22283337308918416,33.48905944824219
411,55.0,-0.38808135250972514,-0.61860746,20.354820251464844,0.230526108942759,34.645179748535156
412,32.0,-0.5411214023914589,-0.73870546,2.3055953979492188,0.19758405386540756,29.69440460205078
413,57.0,-0.3747735220852266,-0.67749316,11.505035400390625,0.3027196329173674,45.494964599609375
414,65.0,-0.3215422003872322,-0.5756288,26.81396484375,0.2540866166942192,38.18603515625
415,67.0,-0.3082343699627336,-0.50050724,38.103797912597656,0.19227286556430495,28.896202087402344
416,51.0,-0.41469701335872233,-0.5528669,30.23480224609375,0.13816986276661336,20.76519775390625
417,59.0,-0.36146569166072795,-0.55042756,30.601402282714844,0.18896186437717488,28.398597717285156
418,54.0,-0.3947352677219744,-0.5714838,27.436912536621094,0.17674852315250678,26.563087463378906
419,35.0,-0.5211596567547111,-0.69707394,8.562286376953125,0.17591427970769125,26.437713623046875
420,38.0,-0.5011979111179632,-0.76377064,-1.4613876342773438,0.26257272877842963,39.461387634277344
421,52.0,-0.40804309814647305,-0.715101,5.853050231933594,0.30705790550037754,46.146949768066406
422,33.0,-0.5344674871792097,-0.78595185,-4.794944763183594,0.25148436561925225,37.794944763183594
423,25.0,-0.587698808877204,-0.88660806,-19.922317504882812,0.29890925529744805,44.92231750488281
424,51.0,-0.41469701335872233,-0.79718983,-6.4838714599609375,0.3824928183749813,57.48387145996094
425,50.0,-0.4213509285709716,-0.73189294,3.3294296264648438,0.31054201481129157,46.670570373535156
426,52.0,-0.40804309814647305,-0.68563586,10.281288146972656,0.2775927665881766,41.718711853027344
427,53.0,-0.40138918293422376,-0.654664,14.93597412109375,0.25327479707294787,38.06402587890625
428,35.0,-0.5211596567547111,-0.742626,1.7163848876953125,0.22146635461690145,33.28361511230469
429,35.0,-0.5211596567547111,-0.8058678,-7.788063049316406,0.2847081344211312,42.788063049316406
430,20.0,-0.6209683849384505,-0.9256132,-25.7843017578125,0.30464483956792765,45.7843017578125
431,47.0,-0.4413126742077195,-0.8454785,-13.741050720214844,0.40416580088612203,60.741050720214844
432,43.0,-0.4679283350567167,-0.8024718,-7.277687072753906,0.3345434814830477,50.277687072753906
433,45.0,-0.4546205046322181,-0.7708226,-2.521209716796875,0.31620207999684075,47.521209716796875
434,41.0,-0.4812361654812153,-0.7768624,-3.4289169311523438,0.29562621740757866,44.428916931152344
435,39.0,-0.49454399590571385,-0.7956355,-6.250282287597656,0.3010915255061819,45.250282287597656
436,39.0,-0.49454399590571385,-0.8075148,-8.03558349609375,0.312970790814562,47.03558349609375
437,33.0,-0.5344674871792097,-0.8484643,-14.189788818359375,0.3139968229900103,47.189788818359375
438,43.0,-0.4679283350567167,-0.8170944,-9.47528076171875,0.34916605056721517,52.47528076171875
439,45.0,-0.4546205046322181,-0.7799689,-3.8957901000976562,0.32534841273762444,48.895790100097656
440,48.0,-0.43465875899547024,-0.74054384,2.0293045043945312,0.3058850833202036,45.97069549560547
441,50.0,-0.4213509285709716,-0.7054412,7.3047943115234375,0.2840902483203553,42.69520568847656
442,44.0,-0.4612744198444674,-0.72007495,5.105522155761719,0.2588005318042448,38.89447784423828
443,45.0,-0.4546205046322181,-0.7278213,3.94134521484375,0.2732007858607934,41.05865478515625
444,45.0,-0.4546205046322181,-0.7313165,3.4160614013671875,0.2766960022304223,41.58393859863281
445,49.0,-0.4280048437832209,-0.70944715,6.702751159667969,0.28144230167881523,42.29724884033203
446,53.0,-0.40138918293422376,-0.6704458,12.564163208007812,0.2690566168933519,40.43583679199219
447,58.0,-0.3681196068729773,-0.61643463,20.681365966796875,0.24831502685886475,37.318634033203125
448,63.0,-0.3348500308117308,-0.55370563,30.108749389648438,0.21885560187488418,32.89125061035156
449,59.0,-0.36146569166072795,-0.53898436,32.3211669921875,0.1775186666499715,26.6788330078125
450,64.0,-0.32819611559948153,-0.5060348,37.27307891845703,0.17783867587009244,26.72692108154297
451,69.0,-0.29492653953823506,-0.45494497,44.95124053955078,0.16001842868533672,24.04875946044922
452,75.0,-0.25500304826473924,-0.38759893,55.07250213623047,0.13259588352465895,19.92749786376953
453,82.0,-0.2084256417789942,-0.305119,67.46820068359375,0.09669336604685724,14.53179931640625
454,90.0,-0.15519432008099984,-0.20803538,82.05865478515625,0.052841059567208776,7.94134521484375
455,98.0,-0.10196299838300549,-0.10243562,97.92897033691406,0.000472620255986822,0.0710296630859375
456,107.0,-0.04207776147276183,0.013258132,115.31629180908203,-0.05533589362502118,-8.316291809082031
457,113.0,-0.0021542701992660626,0.117545396,130.98936462402344,-0.1196996662888199,-17.989364624023438
458,108.0,-0.03542384626051254,0.14867428,135.66763305664062,-0.18409812571188278,-27.667633056640625
459,115.0,0.011153560225232527,0.19958222,143.31846618652344,-0.1884286588986078,-28.318466186523438
460,121.0,0.05107705149872829,0.26897308,153.74703979492188,-0.21789603080527256,-32.747039794921875
461,127.0,0.09100054277222407,0.3489969,165.77362060546875,-0.2579963647003864,-38.77362060546875
462,133.0,0.13092403404571984,0.4344161,178.61105346679688,-0.30349205143592384,-45.611053466796875
463,135.0,0.1442318644702184,0.49844003,188.23304748535156,-0.35420816276672007,-53.23304748535156
464,139.0,0.1708475253192156,0.5578842,197.16676330566406,-0.38703669098937815,-58.16676330566406
465,140.0,0.17750144053146488,0.5986497,203.29330444335938,-0.42114824008300655,-63.293304443359375
466,142.0,0.19080927095596348,0.63236994,208.36102294921875,-0.4415606645565793,-66.36102294921875
467,144.0,0.20411710138046207,0.6632089,212.99574279785156,-0.45909180050170956,-68.99574279785156
468,147.0,0.22407884701720995,0.6986578,218.32327270507812,-0.4745789636708089,-71.32327270507812
469,146.0,0.21742493180496067,0.7140298,220.63348388671875,-0.49660485716598657,-74.63348388671875
470,140.0,0.17750144053146488,0.6850969,216.28524780273438,-0.5075954790051257,-76.28524780273438
471,141.0,0.1841553557437142,0.6688705,213.84661865234375,-0.48471515292709266,-72.84661865234375
472,130.0,0.11096228840897195,0.5965083,202.9714813232422,-0.4855460357372988,-72.97148132324219
473,130.0,0.11096228840897195,0.54739374,195.59017944335938,-0.4364314508145083,-65.59017944335938
474,129.0,0.10430837319672265,0.5158748,190.853271484375,-0.411566429869531,-61.853271484375
475,133.0,0.13092403404571984,0.5233262,191.97312927246094,-0.3924021840824845,-58.97312927246094
476,131.0,0.11761620362122124,0.52057165,191.55914306640625,-0.40295544545333317,-60.55914306640625
477,128.0,0.09765445798447336,0.49941224,188.379150390625,-0.4017577806133965,-60.379150390625
478,127.0,0.09100054277222407,0.47835642,185.2147216796875,-0.38735587822158085,-58.2147216796875
479,125.0,0.07769271234772547,0.45380944,181.525634765625,-0.37611672778823035,-56.525634765625
480,125.0,0.07769271234772547,0.43859246,179.23870849609375,-0.3608997513840403,-54.23870849609375
481,127.0,0.09100054277222407,0.44249833,179.82571411132812,-0.3514977835293506,-52.825714111328125
482,128.0,0.09765445798447336,0.4530723,181.41485595703125,-0.3554178515095452,-53.41485595703125
483,125.0,0.07769271234772547,0.442163,179.7753143310547,-0.3644702782223429,-54.77531433105469
484,122.0,0.05773096671097759,0.41493973,175.68399047851562,-0.3572087646485042,-53.683990478515625
485,123.0,0.06438488192322689,0.40258798,173.8276824951172,-0.3382030981087403,-50.82768249511719
486,120.0,0.044423136286479,0.37919405,170.31187438964844,-0.334770914740819,-50.31187438964844
487,116.0,0.01780747543748182,0.3395282,164.3505859375,-0.32172072757307724,-48.3505859375
488,118.0,0.03111530586198041,0.3258098,162.2888946533203,-0.2946945007233315,-44.28889465332031
489,115.0,0.011153560225232527,0.30254582,158.7926025390625,-0.29139225548102055,-43.7926025390625
490,119.0,0.037769221074229704,0.311439,160.12913513183594,-0.27366978644644596,-41.12913513183594
491,116.0,0.01780747543748182,0.3025274,158.7898406982422,-0.2847199224335356,-42.78984069824219
492,116.0,0.01780747543748182,0.29472035,157.6165313720703,-0.27691287625853256,-41.61653137207031
493,115.0,0.011153560225232527,0.28405112,156.01307678222656,-0.272897560055987,-41.01307678222656
494,115.0,0.011153560225232527,0.27722886,154.98777770996094,-0.26607530182196293,-39.98777770996094
495,113.0,-0.0021542701992660626,0.26170054,152.65406799316406,-0.2638548109802872,-39.65406799316406
496,110.0,-0.02211601583601395,0.23407173,148.50180053710938,-0.2561877474033968,-38.501800537109375
497,108.0,-0.03542384626051254,0.20489216,144.11648559570312,-0.24031600476881332,-36.116485595703125
498,112.0,-0.008808185411515358,0.21088085,145.01651000976562,-0.21968903119665634,-33.016510009765625
499,109.0,-0.028769931048263243,0.201035,143.53680419921875,-0.22980492398153657,-34.53680419921875
500,106.0,-0.048731676685011126,0.17577824,139.74102783203125,-0.22450991665044998,-33.74102783203125
501,103.0,-0.06869342232175901,0.14178628,134.63246154785156,-0.21047969961591795,-31.632461547851562
502,107.0,-0.04207776147276183,0.14415368,134.98825073242188,-0.1862314458504321,-27.988250732421875
503,109.0,-0.028769931048263243,0.16136515,137.57492065429688,-0.19013508245359773,-28.574920654296875
504,107.0,-0.04207776147276183,0.16129479,137.56434631347656,-0.20337254959493895,-30.564346313476562
505,104.0,-0.062039507109509714,0.14164928,134.61187744140625,-0.20368878312765243,-30.61187744140625
506,102.0,-0.07534733753400831,0.11630875,130.8035125732422,-0.1916560862560847,-28.803512573242188
507,108.0,-0.03542384626051254,0.13576451,133.7274627685547,-0.17118835569998092,-25.727462768554688
508,105.0,-0.055385591897260424,0.13494852,133.60482788085938,-0.1903341137497537,-28.604827880859375
509,104.0,-0.062039507109509714,0.12606701,132.27005004882812,-0.18810651965795638,-28.270050048828125
510,102.0,-0.07534733753400831,0.108346134,129.60682678222656,-0.1836934719582179,-27.606826782226562
511,105.0,-0.055385591897260424,0.114418596,130.51943969726562,-0.16980418792654203,-25.519439697265625
512,100.0,-0.08865516795850689,0.09172824,127.10936737060547,-0.18038340821004803,-27.10936737060547
513,101.0,-0.0820012527462576,0.08081576,125.4693603515625,-0.16281701502767543,-24.4693603515625
514,97.0,-0.10861691359525477,0.05264351,121.23542022705078,-0.161260425039585,-24.23542022705078
515,105.0,-0.055385591897260424,0.08057818,125.43365478515625,-0.13596377006460356,-20.43365478515625
516,103.0,-0.06869342232175901,0.09180269,127.12055206298828,-0.1604961087746246,-24.12055206298828
517,95.0,-0.12192474401975337,0.04965243,120.78589630126953,-0.17157717517996493,-25.78589630126953
518,97.0,-0.10861691359525477,0.03046647,117.9024887084961,-0.13908338446265017,-20.902488708496094
519,99.0,-0.09530908317075619,0.03374896,118.39580535888672,-0.12905804143057714,-19.39580535888672
520,91.0,-0.14854040486875056,-0.008326796,112.07234954833984,-0.14021360898527382,-21.072349548339844
521,88.0,-0.16850215050549844,-0.055765834,104.94285583496094,-0.11273631679983476,-16.942855834960938
522,89.0,-0.16184823529324913,-0.07821998,101.56828308105469,-0.08362825529179954,-12.568283081054688
523,85.0,-0.18846389614224632,-0.11183384,96.51654052734375,-0.07663005553364952,-11.51654052734375
524,92.0,-0.14188648965650125,-0.09232512,99.44845581054688,-0.04956136849217935,-7.448455810546875
525,90.0,-0.15519432008099984,-0.08662465,100.30516052246094,-0.06856966793370675,-10.305160522460938
526,87.0,-0.17515606571774772,-0.10269877,97.88941955566406,-0.07245729257207206,-10.889419555664062
527,84.0,-0.1951178113544956,-0.13212869,93.46647644042969,-0.06298912564168127,-9.466476440429688
528,91.0,-0.14854040486875056,-0.11010566,96.77626037597656,-0.03843474133077143,-5.7762603759765625
529,95.0,-0.12192474401975337,-0.068051666,103.09645080566406,-0.05387307799840632,-8.096450805664062
530,90.0,-0.15519432008099984,-0.07048318,102.73102569580078,-0.08471114218068551,-12.731025695800781
531,91.0,-0.14854040486875056,-0.07130423,102.60762786865234,-0.07723617298665522,-11.607627868652344
532,91.0,-0.14854040486875056,-0.07139209,102.59442138671875,-0.0771483157402563,-11.59442138671875
533,96.0,-0.11527082880750407,-0.042195644,106.98228454589844,-0.07307518457785357,-10.982284545898438
534,98.0,-0.10196299838300549,-0.010074464,111.8096923828125,-0.09188853471006952,-13.8096923828125
535,97.0,-0.10861691359525477,0.0031621186,113.79898834228516,-0.11177903220152413,-16.798988342285156
536,92.0,-0.14188648965650125,-0.020301785,110.27265930175781,-0.12158470433645768,-18.272659301757812
537,97.0,-0.10861691359525477,-0.009000507,111.97109985351562,-0.0996164064118818,-14.971099853515625
538,102.0,-0.07534733753400831,0.030929897,117.97213745117188,-0.10627723451453237,-15.972137451171875
539,107.0,-0.04207776147276183,0.08657935,126.33555603027344,-0.12865711409002561,-19.335556030273438
540,117.0,0.024461390649731116,0.1789208,140.21331787109375,-0.15445941480452302,-23.21331787109375
541,123.0,0.06438488192322689,0.27404946,154.5099639892578,-0.20966457896468205,-31.509963989257812
542,127.0,0.09100054277222407,0.3552038,166.70643615722656,-0.2642032645817493,-39.70643615722656
543,130.0,0.11096228840897195,0.4201902,176.47308349609375,-0.3092278968994845,-46.47308349609375
544,132.0,0.12427011883347054,0.46936795,183.86387634277344,-0.3450978323212383,-51.86387634277344
545,139.0,0.1708475253192156,0.53874403,194.29022216796875,-0.3678965070637495,-55.29022216796875
546,149.0,0.23738667744170855,0.6419268,209.79730224609375,-0.40454014760483076,-60.79730224609375
547,148.0,0.23073276222945927,0.70152634,218.75436401367188,-0.47079358159302,-70.75436401367188
548,154.0,0.270656253502955,0.7692184,228.92764282226562,-0.49856213171661895,-74.92764282226562
549,155.0,0.2773101687152043,0.81639975,236.01840209960938,-0.5390895843785152,-81.01840209960938
550,159.0,0.3039258295642015,0.86708426,243.63565063476562,-0.5631584351910475,-84.63565063476562
551,164.0,0.337195405625448,0.9295164,253.01841735839844,-0.5923209694394018,-89.01841735839844
552,168.0,0.36381106647444517,0.9934229,262.6227722167969,-0.6296118589978144,-94.62277221679688
553,173.0,0.39708064253569164,1.0631477,273.10150146484375,-0.6660670215344378,-100.10150146484375
554,182.0,0.45696587944593525,1.1623204,288.00592041015625,-0.7053544959965696,-106.00592041015625
555,191.0,0.516851116356179,1.2804674,305.761962890625,-0.7636162746579201,-114.761962890625
556,197.0,0.5567746076296747,1.3887799,322.03997802734375,-0.8320052709866583,-125.03997802734375
557,199.0,0.5700824380541732,1.463007,333.19537353515625,-0.8929245352124283,-134.19537353515625
558,203.0,0.5966980989031705,1.5264299,342.72705078125,-0.9297317926831332,-139.72705078125
559,209.0,0.6366215901766662,1.5991778,353.66015625,-0.96255624719516,-144.66015625
560,218.0,0.6965068270869099,1.6987835,368.629638671875,-1.0022766897969402,-150.629638671875
561,225.0,0.743084233572655,1.8039396,384.4332580566406,-1.0608553473447033,-159.43325805664062
562,229.0,0.7696998944216521,1.8904617,397.4364318847656,-1.1207617888516634,-168.43643188476562
563,232.0,0.7896616400584,1.956596,407.3756103515625,-1.16693437682545,-175.3756103515625
564,235.0,0.8096233856951479,2.0101922,415.430419921875,-1.2005687701428647,-180.430419921875
565,237.0,0.8229312161196465,2.049387,421.3209228515625,-1.2264557620297676,-184.3209228515625
566,243.0,0.8628547073931423,2.099455,428.8455505371094,-1.236600410786179,-185.84555053710938
567,247.0,0.8894703682421394,2.1501365,436.4623107910156,-1.2606661025525383,-189.46231079101562
568,252.0,0.9227399443033859,2.204316,444.60479736328125,-1.2815759564992264,-192.60479736328125
569,254.0,0.9360477747278845,2.245969,450.86474609375,-1.3099212823552455,-196.86474609375
570,254.0,0.9360477747278845,2.268569,454.26123046875,-1.3325212178868617,-200.26123046875
571,259.0,0.969317350789131,2.3037827,459.55340576171875,-1.3344653507031787,-200.55340576171875
572,261.0,0.9826251812136295,2.3353627,464.29949951171875,-1.3527374915921566,-203.29949951171875
573,269.0,1.035856502911624,2.3927097,472.91802978515625,-1.35685322914404,-203.91802978515625
574,274.0,1.0691260789728705,2.4535825,482.0664367675781,-1.3844564462804254,-208.06643676757812
575,281.0,1.1157034854586154,2.5232487,492.5364074707031,-1.4075451870267361,-211.53640747070312
576,282.0,1.1223574006708648,2.567156,499.1351318359375,-1.4447986757604097,-217.1351318359375
577,282.0,1.1223574006708648,2.5893877,502.47625732421875,-1.467030254587314,-220.47625732421875
578,279.0,1.102395655034117,2.5853064,501.8628845214844,-1.4829107509870012,-222.86288452148438
579,281.0,1.1157034854586154,2.5890033,502.4184875488281,-1.4732998390500516,-221.41848754882812
580,284.0,1.1356652310953634,2.6058412,504.9490051269531,-1.4701759287251932,-220.94900512695312
581,289.0,1.16893480715661,2.640505,510.1585693359375,-1.471570268298102,-221.1585693359375
582,290.0,1.175588722368859,2.6670177,514.14306640625,-1.4914289759191048,-224.14306640625
583,288.0,1.1622808919443606,2.671724,514.8504028320312,-1.5094431890950681,-226.85040283203125
584,285.0,1.1423191463076126,2.6576989,512.7425537109375,-1.5153797233975876,-227.7425537109375
585,286.0,1.148973061519862,2.6520555,511.8944396972656,-1.5030824404180043,-225.89443969726562
586,284.0,1.1356652310953634,2.6402206,510.1158142089844,-1.5045554109944803,-226.11581420898438
587,287.0,1.1556269767321112,2.646828,511.1087951660156,-1.4912009594403741,-224.10879516601562
588,290.0,1.175588722368859,2.6668684,514.12060546875,-1.4912797258885873,-224.12060546875
589,292.0,1.1888965527933577,2.6893747,517.5030517578125,-1.5004781324941179,-225.5030517578125
590,291.0,1.1822426375811084,2.6977825,518.7666015625,-1.5155398788983838,-227.7666015625
591,289.0,1.16893480715661,2.6915221,517.8258056640625,-1.5225873142728334,-228.8258056640625
592,294.0,1.2022043832178564,2.709853,520.5806884765625,-1.5076485506658106,-226.5806884765625
593,295.0,1.2088582984301055,2.7276776,523.259521484375,-1.5188192852643525,-228.259521484375
594,295.0,1.2088582984301055,2.7377753,524.777099609375,-1.528917027345041,-229.777099609375
595,293.0,1.195550468005607,2.7331293,524.078857421875,-1.5375787949185873,-231.078857421875
596,295.0,1.2088582984301055,2.7382305,524.845458984375,-1.5293721684125459,-229.845458984375
597,292.0,1.1888965527933577,2.7278893,523.2913208007812,-1.5389927465993425,-231.29132080078125
598,287.0,1.1556269767321112,2.6967268,518.6079711914062,-1.5410998222791192,-231.60797119140625
599,285.0,1.1423191463076126,2.6671393,514.161376953125,-1.524820145455693,-229.161376953125
600,287.0,1.1556269767321112,2.6597006,513.04345703125,-1.5040736553632257,-226.04345703125
601,284.0,1.1356652310953634,2.643935,510.6740417480469,-1.5082697340383036,-226.67404174804688
602,282.0,1.1223574006708648,2.624762,507.7925720214844,-1.5024046575871919,-225.79257202148438
603,276.0,1.082433909397369,2.5854924,501.8908386230469,-1.5030584631154484,-225.89083862304688
604,272.0,1.0558182485483718,2.5420995,495.36944580078125,-1.486281227312224,-223.36944580078125
605,267.0,1.0225486724871253,2.492895,487.974609375,-1.470346215437069,-220.974609375
606,260.0,0.9759712660013803,2.4288547,478.35015869140625,-1.4528834379018178,-218.35015869140625
607,256.0,0.949355605152383,2.370775,469.62152099609375,-1.4214193792073582,-213.62152099609375
608,245.0,0.8761625378176409,2.2846382,456.6762390136719,-1.4084756286099713,-211.67623901367188
609,236.0,0.8162773009073971,2.185166,441.726806640625,-1.3688885812031986,-205.726806640625
610,224.0,0.7364303183604056,2.0631833,423.39434814453125,-1.3267529892872996,-199.39434814453125
611,214.0,0.6698911662379127,1.9148694,401.1046142578125,-1.2449782614430567,-187.1046142578125
612,202.0,0.5900441836909212,1.7532315,376.8124694824219,-1.1631873417302214,-174.81246948242188
613,198.0,0.563428522841924,1.6329126,358.73004150390625,-1.0694841129612986,-160.73004150390625
614,193.0,0.5301589467806775,1.5376996,344.42071533203125,-1.0075406334118884,-151.42071533203125
615,189.0,0.5035432859316803,1.4608839,332.87628173828125,-0.9573405698880219,-143.87628173828125
616,190.0,0.5101972011439296,1.4244058,327.39410400390625,-0.9142086120732335,-137.39410400390625
617,187.0,0.4902354555071817,1.3903043,322.2690734863281,-0.9000688715039267,-135.26907348632812
618,185.0,0.47692762508268316,1.3581421,317.43548583984375,-0.8812145124447827,-132.43548583984375
619,185.0,0.47692762508268316,1.3394525,314.6266784667969,-0.8625248800290112,-129.62667846679688
620,180.0,0.4436580490214367,1.298717,308.504638671875,-0.855058972920702,-128.504638671875
621,179.0,0.4370041338091874,1.2654437,303.50408935546875,-0.8284395488614058,-124.50408935546875
622,177.0,0.4236963033846888,1.2342044,298.8092041015625,-0.810508108121964,-121.8092041015625
623,177.0,0.4236963033846888,1.2163192,296.12127685546875,-0.7926228999920812,-119.12127685546875
624,176.0,0.4170423881724395,1.2012872,293.8621520996094,-0.7842447622105562,-117.86215209960938
625,174.0,0.4037345577479409,1.1800389,290.6688232421875,-0.7763043712376547,-116.6688232421875
626,172.0,0.3904267273234423,1.1540133,286.75750732421875,-0.7635865487767164,-114.75750732421875
627,172.0,0.3904267273234423,1.138311,284.39764404296875,-0.7478843011570875,-112.39764404296875
628,173.0,0.39708064253569164,1.1370654,284.21044921875,-0.739984768078322,-111.21044921875
629,171.0,0.383772812111193,1.1253933,282.45623779296875,-0.7416204593350351,-111.45623779296875
630,170.0,0.37711889689894373,1.110745,280.25482177734375,-0.7336260562565738,-110.25482177734375
631,168.0,0.36381106647444517,1.0890152,276.98907470703125,-0.7252041789631769,-108.98907470703125
632,167.0,0.3571571512621958,1.0690389,273.98687744140625,-0.7118817166882436,-106.98687744140625
633,167.0,0.3571571512621958,1.0577078,272.28399658203125,-0.7005506352978628,-105.28399658203125
634,162.0,0.32388757520094935,1.0201775,266.6436462402344,-0.6962899083577054,-104.64364624023438
635,162.0,0.32388757520094935,0.9948358,262.8351135253906,-0.670948218771066,-100.83511352539062
636,157.0,0.29061799913970293,0.94945866,256.0155029296875,-0.6588406595555181,-99.0155029296875
637,157.0,0.29061799913970293,0.9203617,251.642578125,-0.6297436985340947,-94.642578125
638,155.0,0.2773101687152043,0.8927506,247.49298095703125,-0.6154404521267757,-92.49298095703125
639,152.0,0.25734842307845646,0.8574292,242.1846160888672,-0.600080783292851,-90.18461608886719
640,152.0,0.25734842307845646,0.83579683,238.9335479736328,-0.5784484099598737,-86.93354797363281
641,152.0,0.25734842307845646,0.8250558,237.31930541992188,-0.5677073549481244,-85.31930541992188
642,145.0,0.21077101659271136,0.7767911,230.0657196044922,-0.5660200791409312,-85.06571960449219
643,140.0,0.17750144053146488,0.71488345,220.76177978515625,-0.5373820061619555,-80.76177978515625
644,120.0,0.044423136286479,0.55912167,197.3527374267578,-0.5146985320522967,-77.35273742675781
645,119.0,0.037769221074229704,0.45002863,180.95742797851562,-0.4122594070366559,-61.957427978515625
646,105.0,-0.055385591897260424,0.30860585,159.70335388183594,-0.36399144164014985,-54.70335388183594
647,99.0,-0.09530908317075619,0.18657768,141.36404418945312,-0.2818867608975018,-42.364044189453125
648,77.0,-0.24169521784024067,-0.010604945,111.72997283935547,-0.23109027282880373,-34.72997283935547
649,78.0,-0.2350413026279914,-0.12928125,93.8944091796875,-0.10576005000538702,-15.8944091796875
650,78.0,-0.2350413026279914,-0.19018194,84.7417984008789,-0.0448593618340003,-6.741798400878906
651,75.0,-0.25500304826473924,-0.23798105,77.55819702148438,-0.017021997058150495,-2.558197021484375
652,76.0,-0.24834913305248996,-0.25993997,74.25804138183594,0.011590835533478061,1.7419586181640625
653,80.0,-0.2217334722034928,-0.24751946,76.12469482421875,0.025785991097212163,3.87530517578125
654,75.0,-0.25500304826473924,-0.26623577,73.31185913085938,0.011232720530274187,1.688140869140625
655,79.0,-0.22838738741574208,-0.2579862,74.55167388916016,0.02959880051913341,4.448326110839844
656,86.0,-0.181809980929997,-0.20950219,81.83821105957031,0.0276922094214892,4.1617889404296875
657,96.0,-0.11527082880750407,-0.11852476,95.51097106933594,0.003253931200354207,0.4890289306640625
658,111.0,-0.015462100623764652,0.026741002,117.34259796142578,-0.04220310237876381,-6.342597961425781
659,125.0,0.07769271234772547,0.2010302,143.53607177734375,-0.12333748241164343,-18.53607177734375
660,135.0,0.1442318644702184,0.36850438,168.70535278320312,-0.22427251074912669,-33.705352783203125
661,140.0,0.17750144053146488,0.49778563,188.13470458984375,-0.3202841873104846,-48.13470458984375
662,139.0,0.1708475253192156,0.56429905,198.13082885742188,-0.39345152167404,-59.130828857421875
663,144.0,0.20411710138046207,0.6260137,207.40576171875,-0.421896594813233,-63.40576171875
664,146.0,0.21742493180496067,0.6741336,214.63758850097656,-0.4567086669995132,-68.63758850097656
665,152.0,0.25734842307845646,0.7386962,224.34054565429688,-0.4813477944584698,-72.34054565429688
666,159.0,0.3039258295642015,0.823991,237.15927124023438,-0.5200651710881117,-78.15927124023438
667,170.0,0.37711889689894373,0.9476827,255.7485809326172,-0.5705637818005497,-85.74858093261719
668,181.0,0.45031196423368597,1.0958958,278.02313232421875,-0.6455838029782281,-97.02313232421875
669,193.0,0.5301589467806775,1.2609038,302.82177734375,-0.7307448885159533,-109.82177734375
670,201.0,0.5833902684786719,1.40854,325.0096435546875,-0.8251497419735986,-124.0096435546875
671,212.0,0.6565833358134141,1.560641,347.8685302734375,-0.904057714525331,-135.8685302734375
672,225.0,0.743084233572655,1.7311311,373.4910583496094,-0.9880468432400892,-148.49105834960938
673,237.0,0.8229312161196465,1.9077771,400.0387268066406,-1.084845854879499,-163.03872680664062
674,249.0,0.902778198666638,2.0751903,425.1988525390625,-1.172412107043201,-176.1988525390625
675,257.0,0.9560095203646324,2.2007635,444.0709228515625,-1.2447539436093666,-187.0709228515625
676,283.0,1.129011315883114,2.3993065,473.9094543457031,-1.270295219837711,-190.90945434570312
677,295.0,1.2088582984301055,2.5785708,500.8506164550781,-1.3697125443128144,-205.85061645507812
678,320.0,1.3752061787363379,2.7926261,533.0204467773438,-1.4174199637654932,-213.02044677734375
679,369.0,1.7012480241365533,3.1535556,587.263671875,-1.45230760750102,-218.263671875
680,419.0,2.033943784749018,3.6092215,655.7445068359375,-1.5752776736860405,-236.7445068359375
681,454.0,2.2668308171777434,4.0221553,717.80322265625,-1.7553244677038484,-263.80322265625
682,507.0,2.619488323426956,4.493255,788.6036376953125,-1.8737668149702609,-281.6036376953125
683,537.0,2.8191057797944348,4.8775268,846.3548583984375,-2.0584209803068836,-309.3548583984375
684,587.0,3.1518015404068995,5.308188,911.077880859375,-2.1563864211714696,-324.077880859375
685,649.0,3.564344283566356,5.8259506,988.89111328125,-2.261606338992238,-339.89111328125
686,703.0,3.923655705027818,6.340749,1066.2587890625,-2.4170930818984515,-363.2587890625
687,760.0,4.302928872126028,6.868866,1145.628173828125,-2.565937094670847,-385.628173828125
688,811.0,4.642278547950742,7.3650136,1220.19287109375,-2.72273505144501,-409.19287109375
689,862.0,4.981628223775456,7.8405013,1291.6527099609375,-2.8588730846657064,-429.6527099609375
690,880.0,5.101398697595943,8.118215,1333.3895263671875,-3.016815909642826,-453.3895263671875
691,925.0,5.400824882147162,8.469853,1386.2364501953125,-3.0690285190369204,-461.2364501953125
692,952.0,5.580480592877892,8.744361,1427.4915771484375,-3.1638803308891976,-475.4915771484375
693,997.0,5.8799067774291105,9.095971,1480.3341064453125,-3.2160643300537997,-483.3341064453125
694,1042.0,6.179332961980329,9.469281,1536.43798828125,-3.2899482346139095,-494.43798828125
695,998.0,5.88656069264136,9.359608,1519.9554443359375,-3.4730470038918435,-521.9554443359375
696,971.0,5.706904981910629,9.194077,1495.078125,-3.4871715561753085,-524.078125
697,969.0,5.69359715148613,9.121808,1484.217041015625,-3.4282109005768584,-515.217041015625
698,937.0,5.480671864694153,8.922613,1454.2806396484375,-3.4419412792267456,-517.2806396484375
699,932.0,5.447402288632906,8.828362,1440.1158447265625,-3.380960176271879,-508.1158447265625
700,925.0,5.400824882147162,8.753295,1428.834228515625,-3.352470062616022,-503.834228515625
701,917.0,5.347593560449167,8.684667,1418.520263671875,-3.33707307315679,-501.520263671875
702,920.0,5.367555306085915,8.676285,1417.260498046875,-3.3087294839531474,-497.260498046875
703,925.0,5.400824882147162,8.699309,1420.7208251953125,-3.298484466912897,-495.7208251953125
704,917.0,5.347593560449167,8.666402,1415.7752685546875,-3.3188083026489776,-498.7752685546875
705,887.0,5.147976104081688,8.497691,1390.420166015625,-3.3497150503982924,-503.420166015625
706,849.0,4.8951273260162145,8.230204,1350.2200927734375,-3.3350763025238246,-501.2200927734375
707,790.0,4.502546328493507,7.8098063,1287.0396728515625,-3.3072600183998038,-497.0396728515625
708,751.0,4.243043635215784,7.435497,1230.78564453125,-3.1924531718826046,-479.78564453125
709,706.0,3.943617450664566,7.043532,1171.8782958984375,-3.099914444019272,-465.8782958984375
710,634.0,3.4645355553826165,6.514677,1092.3980712890625,-3.0501414923468757,-458.3980712890625
711,451.0,2.2468690715409956,5.4313626,929.5894775390625,-3.184493557395772,-478.5894775390625
712,233.0,0.7963155552706493,3.978485,711.240234375,-3.1821695521512257,-478.240234375
713,424.0,2.0672133608102645,3.8637154,693.99169921875,-1.7965020494222794,-269.99169921875
714,359.0,1.6347088720140603,3.6266325,658.361083984375,-1.991923579997048,-299.361083984375
715,291.0,1.1822426375811084,3.1921217,593.0596313476562,-2.0098791065747754,-302.05963134765625
716,170.0,0.37711889689894373,2.385743,471.8710021972656,-2.0086240058567935,-301.8710021972656
717,102.0,-0.07534733753400831,1.376452,320.1872253417969,-1.4517993066807369,-218.18722534179688
718,250.0,0.9094321138788873,1.6063995,354.7454833984375,-0.6969674222539252,-104.7454833984375
719,248.0,0.8961242834543888,1.9211283,402.0452575683594,-1.0250039895558651,-154.04525756835938
720,246.0,0.8828164530298901,2.087239,427.0096130371094,-1.2044225739934253,-181.00961303710938
721,244.0,0.8695086226053915,2.1462715,435.8814392089844,-1.276762844603471,-191.88143920898438
722,237.0,0.8229312161196465,2.130335,433.4864196777344,-1.3074038764249092,-196.48641967773438
723,203.0,0.5966980989031705,1.9118235,400.6468505859375,-1.3151254122204867,-197.6468505859375
724,157.0,0.29061799913970293,1.4608048,332.8644104003906,-1.170186820921027,-175.86441040039062
725,226.0,0.7497381487849042,1.5976774,353.43463134765625,-0.8479392012593463,-127.43463134765625
726,224.0,0.7364303183604056,1.7470838,375.8885498046875,-1.0106534647893137,-151.8885498046875
727,199.0,0.5700824380541732,1.6781449,365.52789306640625,-1.1080624937390398,-166.52789306640625
728,195.0,0.5434667772051761,1.5836878,351.3321533203125,-1.0402210050824214,-156.3321533203125
729,150.0,0.24404059265395783,1.2399006,299.665283203125,-0.9958599963353,-149.665283203125
730,105.0,-0.055385591897260424,0.74094456,224.67843627929688,-0.7963301562397592,-119.67843627929688
731,28.0,-0.5677370632404561,-0.008017507,112.11882781982422,-0.5597195558587189,-84.11882781982422
732,150.0,0.24404059265395783,0.23672038,148.89987182617188,0.007320209486690987,1.100128173828125
733,145.0,0.21077101659271136,0.47313046,184.42933654785156,-0.26235944796112165,-39.42933654785156
734,111.0,-0.015462100623764652,0.4017058,173.69509887695312,-0.4171679021107336,-62.695098876953125
735,106.0,-0.048731676685011126,0.28947824,156.82870483398438,-0.33820991908231945,-50.828704833984375
736,92.0,-0.14188648965650125,0.13733613,133.96365356445312,-0.27922262456708474,-41.963653564453125
737,83.0,-0.2017717265667449,-0.008763638,112.00669860839844,-0.19300808824170934,-29.006698608398438
738,79.0,-0.22838738741574208,-0.117014855,95.73789978027344,-0.111372532269334,-16.737899780273438
739,98.0,-0.10196299838300549,-0.066191286,103.37603759765625,-0.035771712534387934,-5.37603759765625
740,101.0,-0.0820012527462576,-0.0016836794,113.07072448730469,-0.08031757333693247,-12.070724487304688
741,95.0,-0.12192474401975337,0.0013164012,113.52159881591797,-0.12324114519590798,-18.52159881591797
742,91.0,-0.14854040486875056,-0.027903464,109.13021850585938,-0.12063694117727755,-18.130218505859375
743,90.0,-0.15519432008099984,-0.05446842,105.1378402709961,-0.10072590067816209,-15.137840270996094
744,86.0,-0.181809980929997,-0.09285268,99.36917114257812,-0.08895729905476812,-13.369171142578125
745,88.0,-0.16850215050549844,-0.1050705,97.5329818725586,-0.06343164893956521,-9.532981872558594
746,89.0,-0.16184823529324913,-0.1034722,97.77318572998047,-0.058376032276968,-8.773185729980469
747,92.0,-0.14188648965650125,-0.08374444,100.73802185058594,-0.05814205315404458,-8.738021850585938
748,85.0,-0.18846389614224632,-0.11105177,96.63407135009766,-0.07741212807774742,-11.634071350097656
749,81.0,-0.21507955699124348,-0.15584043,89.90290069580078,-0.05923913030781758,-8.902900695800781
750,90.0,-0.15519432008099984,-0.13153878,93.55513000488281,-0.023655541537527552,-3.5551300048828125
751,91.0,-0.14854040486875056,-0.10358474,97.75627136230469,-0.04495566828313349,-6.7562713623046875
752,86.0,-0.181809980929997,-0.1162546,95.8521499633789,-0.06555538302769903,-9.852149963378906
753,85.0,-0.18846389614224632,-0.1342288,93.1508560180664,-0.05423510037541587,-8.150856018066406
754,71.0,-0.28161870911373643,-0.22669896,79.25375366210938,-0.054919744279523175,-8.253753662109375
755,62.0,-0.3415039460239801,-0.34161896,61.98271560668945,0.00011500911136536063,0.017284393310546875
756,56.0,-0.38142743729747586,-0.4462296,46.26104736328125,0.06480216956936069,9.73895263671875
757,55.0,-0.38808135250972514,-0.512469,36.30609893798828,0.1243876411540627,18.69390106201172
758,53.0,-0.40138918293422376,-0.5594186,29.250160217285156,0.15802943574482287,23.749839782714844
759,52.0,-0.40804309814647305,-0.5915888,24.415382385253906,0.18354569703861606,27.584617614746094
760,62.0,-0.3415039460239801,-0.5512761,30.473876953125,0.2097721417369452,31.526123046875
761,59.0,-0.36146569166072795,-0.5377837,32.501617431640625,0.17631799068561604,26.498382568359375
762,58.0,-0.3681196068729773,-0.5392305,32.28417205810547,0.17111091862064454,25.71582794189453
763,60.0,-0.35481177644847867,-0.530111,33.65472412109375,0.1752992383945084,26.34527587890625
764,55.0,-0.38808135250972514,-0.5527522,30.252037048339844,0.1646708442790627,24.747962951660156
765,46.0,-0.4479665894199688,-0.6221015,19.8297119140625,0.17413489630924872,26.1702880859375
766,39.0,-0.49454399590571385,-0.7085187,6.84228515625,0.21397468800465602,32.15771484375
767,33.0,-0.5344674871792097,-0.79558665,-6.2429351806640625,0.26111915842397027,39.24293518066406
768,29.0,-0.5610831480282068,-0.86970097,-17.381393432617188,0.30861782023732665,46.38139343261719
769,38.0,-0.5011979111179632,-0.85993975,-15.914398193359375,0.35874184289128364,53.914398193359375
770,40.0,-0.48789008069346457,-0.8351421,-12.1876220703125,0.34725199532200784,52.1876220703125
771,37.0,-0.5078518263302124,-0.83759457,-12.556198120117188,0.3297427423991882,49.55619812011719
772,34.0,-0.5278135719669603,-0.8596442,-15.869979858398438,0.33183060260884534,49.86997985839844
773,35.0,-0.5211596567547111,-0.86867446,-17.22711181640625,0.34751480031850057,52.22711181640625
774,34.0,-0.5278135719669603,-0.87847465,-18.699966430664062,0.35066108080022107,52.69996643066406
775,36.0,-0.5145057415424618,-0.87278324,-17.844619750976562,0.3582775021136967,53.84461975097656
776,38.0,-0.5011979111179632,-0.856425,-15.38616943359375,0.3552270761981684,53.38616943359375
777,38.0,-0.5011979111179632,-0.8459689,-13.81475830078125,0.3447709909930903,51.81475830078125
778,41.0,-0.4812361654812153,-0.82308096,-10.374984741210938,0.3418447914546673,51.37498474121094
779,43.0,-0.4679283350567167,-0.79680055,-6.4253692626953125,0.3288722187419588,49.42536926269531
780,42.0,-0.474582250268966,-0.7868722,-4.933265686035156,0.3122899578494727,46.933265686035156
781,45.0,-0.4546205046322181,-0.7651326,-1.66607666015625,0.3105121013972924,46.66607666015625
782,45.0,-0.4546205046322181,-0.75099915,0.4580078125,0.2963786480281518,44.5419921875
783,36.0,-0.5145057415424618,-0.79568404,-6.257575988769531,0.28117829805028116,42.25757598876953
784,24.0,-0.5943527240894533,-0.8967541,-21.447128295898438,0.30240136192815537,45.44712829589844
785,38.0,-0.5011979111179632,-0.87972975,-18.888595581054688,0.3785318366542536,56.88859558105469
786,35.0,-0.5211596567547111,-0.87569875,-18.28277587890625,0.3545390884959908,53.28277587890625
787,30.0,-0.5544292328159576,-0.904537,-22.616806030273438,0.3501077892978425,52.61680603027344
788,35.0,-0.5211596567547111,-0.8957693,-21.29913330078125,0.37460964132191854,56.29913330078125
789,29.0,-0.5610831480282068,-0.9218969,-25.225784301757812,0.36081372687642577,54.22578430175781
790,32.0,-0.5411214023914589,-0.9234043,-25.452316284179688,0.3822828739795433,57.45231628417969
791,36.0,-0.5145057415424618,-0.8986405,-21.730636596679688,0.3841347718776432,57.73063659667969
792,39.0,-0.49454399590571385,-0.86437637,-16.581161499023438,0.3698323702327444,55.58116149902344
793,35.0,-0.5211596567547111,-0.86684585,-16.952301025390625,0.34568618942143636,51.952301025390625
794,28.0,-0.5677370632404561,-0.9124958,-23.812911987304688,0.3447587286716227,51.81291198730469
795,35.0,-0.5211596567547111,-0.90242416,-22.299270629882812,0.3812644999110909,57.29927062988281
796,25.0,-0.587698808877204,-0.94846624,-29.218826293945312,0.36076743248250664,54.21882629394531
797,29.0,-0.5610831480282068,-0.9580464,-30.658599853515625,0.3969632286769629,59.658599853515625
798,27.0,-0.5743909784527054,-0.97154194,-32.68681335449219,0.3971509627132187,59.68681335449219
799,26.0,-0.5810448936649547,-0.98575836,-34.8233642578125,0.40471347053563733,60.8233642578125
800,10.0,-0.6875075370609434,-1.0844989,-49.66282653808594,0.3969913452327578,59.66282653808594
801,7.0,-0.7074692826976913,-1.1667304,-62.02119445800781,0.4592611212024552,69.02119445800781
802,24.0,-0.5943527240894533,-1.117972,-54.69342041015625,0.5236192922450804,78.69342041015625
803,27.0,-0.5743909784527054,-1.0623846,-46.339324951171875,0.4879936269550095,73.33932495117188
804,23.0,-0.6010066393017026,-1.0529053,-44.914703369140625,0.4518986818195132,67.91470336914062
805,20.0,-0.6209683849384505,-1.0684285,-47.247650146484375,0.44746013144948893,67.24765014648438
806,19.0,-0.6276223001506998,-1.0849254,-49.7269287109375,0.4573031129810141,68.7269287109375
807,17.0,-0.6409301305751983,-1.1056429,-52.84049987792969,0.46471278419683537,69.84049987792969
808,15.0,-0.6542379609996969,-1.1293988,-56.41072082519531,0.47516086178472694,71.41072082519531
809,14.0,-0.6608918762119462,-1.1493624,-59.41099548339844,0.4884705686656783,73.41099548339844
810,24.0,-0.5943527240894533,-1.1047598,-52.70777893066406,0.5104070882655882,76.70777893066406
811,22.0,-0.6076605545139518,-1.0846314,-49.6827392578125,0.4769708885097298,71.6827392578125
812,19.0,-0.6276223001506998,-1.0921614,-50.81440734863281,0.46453911685674654,69.81440734863281
813,17.0,-0.6409301305751983,-1.1099908,-53.49394226074219,0.469060704614621,70.49394226074219
814,14.0,-0.6608918762119462,-1.1379256,-57.69218444824219,0.4770337486354659,71.69218444824219
815,13.0,-0.6675457914241956,-1.1607141,-61.11701965332031,0.4931683580509021,74.11701965332031
816,17.0,-0.6409301305751983,-1.1512449,-59.69390869140625,0.5103147481937226,76.69390869140625
817,20.0,-0.6209683849384505,-1.1264026,-55.96043395996094,0.505434231562404,75.96043395996094
818,19.0,-0.6276223001506998,-1.1165044,-54.47285461425781,0.48888213062017427,73.47285461425781
819,20.0,-0.6209683849384505,-1.1064447,-52.96099853515625,0.4854763315151017,72.96099853515625
820,20.0,-0.6209683849384505,-1.1003414,-52.04376220703125,0.4793730543086808,72.04376220703125
821,19.0,-0.6276223001506998,-1.1025364,-52.37364196777344,0.47491413974493013,71.37364196777344
822,17.0,-0.6409301305751983,-1.1156012,-54.33711242675781,0.47467105140874943,71.33711242675781
823,19.0,-0.6276223001506998,-1.1127856,-53.91395568847656,0.4851632776233481,72.91395568847656
824,18.0,-0.6342762153629491,-1.115345,-54.29859924316406,0.48106878585775403,72.29859924316406
825,19.0,-0.6276223001506998,-1.1117746,-53.76200866699219,0.4841522636386679,72.76200866699219
826,19.0,-0.6276223001506998,-1.1091775,-53.3717041015625,0.4815551700565146,72.3717041015625
827,21.0,-0.6143144697262012,-1.096522,-51.46974182128906,0.48220750388372313,72.46974182128906
828,20.0,-0.6209683849384505,-1.0938377,-51.06632995605469,0.47286935309865885,71.06632995605469
829,19.0,-0.6276223001506998,-1.0987136,-51.79911804199219,0.4710913362476157,70.79911804199219
830,17.0,-0.6409301305751983,-1.1133475,-53.9984130859375,0.4724173997897919,70.9984130859375
831,20.0,-0.6209683849384505,-1.1057935,-52.863128662109375,0.4848250911662858,72.86312866210938
832,22.0,-0.6076605545139518,-1.0882077,-50.22021484375,0.48054716719625323,72.22021484375
833,40.0,-0.48789008069346457,-0.9748929,-33.19041442871094,0.48700283360173197,73.19041442871094
834,16.0,-0.6475840457874477,-1.0358472,-42.35108947753906,0.38826314125478867,58.35108947753906
835,15.0,-0.6542379609996969,-1.0924234,-50.853790283203125,0.438185478026182,65.85379028320312
836,19.0,-0.6276223001506998,-1.1015592,-52.22676086425781,0.4739368619891928,71.22676086425781
837,20.0,-0.6209683849384505,-1.0972265,-51.57562255859375,0.4762581155727189,71.57562255859375
838,20.0,-0.6209683849384505,-1.0940546,-51.09892272949219,0.4730861947963517,71.09892272949219
839,22.0,-0.6076605545139518,-1.0813969,-49.19664001464844,0.47373638285634845,71.19664001464844
840,21.0,-0.6143144697262012,-1.0789156,-48.82373046875,0.4646011262820996,69.82373046875
841,17.0,-0.6409301305751983,-1.100892,-52.126495361328125,0.45996181717107854,69.12649536132812
842,15.0,-0.6542379609996969,-1.1270483,-56.057464599609375,0.47281029301336464,71.05746459960938
843,18.0,-0.6342762153629491,-1.1257805,-55.86692810058594,0.4915042478557399,73.86692810058594
844,21.0,-0.6143144697262012,-1.1059879,-52.89234924316406,0.49167343672979247,73.89234924316406
845,22.0,-0.6076605545139518,-1.0874817,-50.111114501953125,0.479821182622889,72.11111450195312
846,26.0,-0.5810448936649547,-1.0543866,-45.1373291015625,0.4733417220882191,71.1373291015625
847,30.0,-0.5544292328159576,-1.0109804,-38.61390686035156,0.4565511348445649,68.61390686035156
848,30.0,-0.5544292328159576,-0.984315,-34.60643005371094,0.4298857453067536,64.60643005371094
849,29.0,-0.5610831480282068,-0.9754061,-33.267547607421875,0.41432296225850584,62.267547607421875
850,35.0,-0.5211596567547111,-0.9364911,-27.419097900390625,0.41533141542317586,62.419097900390625
851,39.0,-0.49454399590571385,-0.8868945,-19.965362548828125,0.3923505281917288,58.965362548828125
852,40.0,-0.48789008069346457,-0.8506745,-14.521949768066406,0.36278442930867166,54.521949768066406
853,48.0,-0.43465875899547024,-0.7838229,-4.4749908447265625,0.34916413510090427,52.47499084472656
854,47.0,-0.4413126742077195,-0.7468191,1.0862197875976562,0.3055064047145522,45.913780212402344
855,37.0,-0.5078518263302124,-0.78603303,-4.8071441650390625,0.2781812079944336,41.80714416503906
856,30.0,-0.5544292328159576,-0.8567485,-15.434799194335938,0.30231928851201484,45.43479919433594
857,38.0,-0.5011979111179632,-0.8539128,-15.008621215820312,0.35271485963017524,53.00862121582031
858,47.0,-0.4413126742077195,-0.7924357,-5.769386291503906,0.35112303145405416,52.769386291503906
859,55.0,-0.38808135250972514,-0.7041752,7.495063781738281,0.31609382172657247,47.50493621826172
860,57.0,-0.3747735220852266,-0.63796467,17.44567108154297,0.2631911438045134,39.55432891845703
861,66.0,-0.3148882851749829,-0.5486085,30.874786376953125,0.23372019670901978,35.125213623046875
862,72.0,-0.27496479390148715,-0.45788023,44.510101318359375,0.18291543485637113,27.489898681640625
863,70.0,-0.2882726243259857,-0.4154739,50.883243560791016,0.12720128385997315,19.116756439208984
864,71.0,-0.28161870911373643,-0.38939014,54.803306579589844,0.10777143165812941,16.196693420410156
865,77.0,-0.24169521784024067,-0.3400785,62.21422576904297,0.0983832850532072,14.785774230957031
866,78.0,-0.2350413026279914,-0.30208987,67.92344665527344,0.06704856734805231,10.076553344726562
867,93.0,-0.13523257444425196,-0.19327208,84.27738952636719,0.05803950955347448,8.722610473632812
868,88.0,-0.16850215050549844,-0.15012977,90.76113891601562,-0.018372385233357935,-2.761138916015625
869,95.0,-0.12192474401975337,-0.091404885,99.58675384521484,-0.030519858966118724,-4.586753845214844
870,104.0,-0.062039507109509714,-0.0022412213,112.98693084716797,-0.05979828585295559,-8.986930847167969
871,110.0,-0.02211601583601395,0.0887256,126.6581039428711,-0.11084161250235,-16.658103942871094
872,127.0,0.09100054277222407,0.24335006,149.89622497558594,-0.15234951602179753,-22.896224975585938
873,146.0,0.21742493180496067,0.45727995,182.04721069335938,-0.23985501857536465,-36.047210693359375
874,168.0,0.36381106647444517,0.7343739,223.69094848632812,-0.3705628606419489,-55.690948486328125
875,170.0,0.37711889689894373,0.9201873,251.6163787841797,-0.5430683975842411,-81.61637878417969
876,175.0,0.4103884729601902,1.0486832,270.92767333984375,-0.638294693543716,-95.92767333984375
877,184.0,0.4702737098704339,1.1734532,289.6790771484375,-0.7031795019139289,-105.6790771484375
878,189.0,0.5035432859316803,1.277039,305.2467041015625,-0.7734957651242279,-116.2467041015625
879,193.0,0.5301589467806775,1.359529,317.6439208984375,-0.8293700716214221,-124.6439208984375
880,199.0,0.5700824380541732,1.4419731,330.03424072265625,-0.8718906521176407,-131.03424072265625
881,198.0,0.563428522841924,1.4842123,336.38226318359375,-0.9207837564778392,-138.38226318359375
882,195.0,0.5434667772051761,1.4850037,336.5011901855469,-0.9415369325879147,-141.50119018554688
883,180.0,0.4436580490214367,1.3872409,321.80865478515625,-0.9435828376667957,-141.80865478515625
884,63.0,-0.3348500308117308,0.6053833,204.30526733398438,-0.9402333077511229,-141.30526733398438
885,184.0,0.4702737098704339,0.7820825,230.8609619140625,-0.311808788203144,-46.8609619140625
886,197.0,0.5567746076296747,1.1114315,280.35797119140625,-0.5546568718243658,-83.35797119140625
887,211.0,0.6499294206011648,1.40892,325.0667724609375,-0.7589906290661936,-114.0667724609375
888,232.0,0.7896616400584,1.7081039,370.0303649902344,-0.9184422551289779,-138.03036499023438
889,249.0,0.902778198666638,1.9843012,411.5393371582031,-1.0815230107831302,-162.53933715820312
890,241.0,0.8495468769686436,2.085803,426.7937927246094,-1.236256154952743,-185.79379272460938
891,252.0,0.9227399443033859,2.1751983,440.2287902832031,-1.2524583722707108,-188.22879028320312
892,259.0,0.969317350789131,2.2595837,452.9108581542969,-1.2902663608350147,-193.91085815429688
893,250.0,0.9094321138788873,2.2630565,453.4327697753906,-1.3536244027684514,-203.43276977539062
894,225.0,0.743084233572655,2.12801,433.1369934082031,-1.3849258009885022,-208.13699340820312
895,227.0,0.7563920639971535,2.0386796,419.71173095703125,-1.2822875357648094,-192.71173095703125
896,234.0,0.8029694704828986,2.0284579,418.175537109375,-1.2254884095372431,-184.175537109375
897,243.0,0.8628547073931423,2.0818677,426.2023620605469,-1.219012987461594,-183.20236206054688
898,256.0,0.949355605152383,2.1839054,441.537353515625,-1.2345497579305027,-185.537353515625
899,258.0,0.9626634355768817,2.2594588,452.89208984375,-1.2967953447118146,-194.89208984375
900,264.0,1.0025869268503775,2.3299243,463.482177734375,-1.327337418166102,-199.482177734375
901,267.0,1.0225486724871253,2.3847578,471.72296142578125,-1.3622090846997643,-204.72296142578125
902,273.0,1.0624721637606211,2.444203,480.65679931640625,-1.3817307361722402,-207.65679931640625
903,291.0,1.1822426375811084,2.5660412,498.96759033203125,-1.3837985935742871,-207.96759033203125
904,298.0,1.2288200440668535,2.674083,515.2048950195312,-1.445262950394206,-217.20489501953125
905,305.0,1.2753974505525985,2.767175,529.1954345703125,-1.4917775086301408,-224.1954345703125
906,309.0,1.3020131114015956,2.8366547,539.6373901367188,-1.534641551684342,-230.63739013671875
907,330.0,1.4417453308588308,2.9703488,559.72998046875,-1.5286035041326242,-229.72998046875
908,336.0,1.4816688221323266,3.0791066,576.0748291015625,-1.5974377471578345,-240.0748291015625
909,339.0,1.5016305677690744,3.1503768,586.785888671875,-1.6487462289533377,-247.785888671875
910,325.0,1.4084757547975844,3.1200545,582.2288208007812,-1.711578728616112,-257.22882080078125
911,206.0,0.6166598445399183,2.5394366,494.96923828125,-1.922776734210692,-288.96923828125
912,158.0,0.2972719143519522,1.8269656,387.8937683105469,-1.5296936560978769,-229.89376831054688
913,249.0,0.902778198666638,1.905555,399.70477294921875,-1.002776811175281,-150.70477294921875
914,174.0,0.4037345577479409,1.6114405,355.5030517578125,-1.2077059816121054,-181.5030517578125
915,170.0,0.37711889689894373,1.3594713,317.63525390625,-0.9823524242070133,-147.63525390625
916,168.0,0.36381106647444517,1.2042706,294.310546875,-0.8404595347981378,-126.310546875
917,148.0,0.23073276222945927,0.99912494,263.4797058105469,-0.7683921819805932,-115.47970581054688
918,61.0,-0.3481578612362294,0.36420378,168.05902099609375,-0.7123616421257405,-107.05902099609375
919,42.0,-0.474582250268966,-0.16122165,89.09416961669922,-0.3133605970459283,-47.09416961669922
920,85.0,-0.18846389614224632,-0.20386419,82.68553161621094,0.01540029085993569,2.3144683837890625
921,94.0,-0.12857865923200265,-0.12481859,94.56509399414062,-0.0037600659683765525,-0.565093994140625
922,107.0,-0.04207776147276183,0.0057719676,114.19121551513672,-0.04784972905516644,-7.191215515136719
923,101.0,-0.0820012527462576,0.05012623,120.85710144042969,-0.13212748122778872,-19.857101440429688
924,97.0,-0.10861691359525477,0.041137073,119.50614929199219,-0.14975398678427493,-22.506149291992188
925,91.0,-0.14854040486875056,-0.0055058273,112.49630737304688,-0.1430345776132035,-21.496307373046875
926,81.0,-0.21507955699124348,-0.095210224,99.01486206054688,-0.11986933260121357,-18.014862060546875
927,88.0,-0.16850215050549844,-0.111769944,96.52613830566406,-0.056732206076100855,-8.526138305664062
928,82.0,-0.2084256417789942,-0.14797762,91.08457946777344,-0.060448021415758724,-9.084579467773438
929,74.0,-0.2616569634769886,-0.2185143,80.48380279541016,-0.04314267004475286,-6.483802795410156
930,65.0,-0.3215422003872322,-0.31637016,65.77729797363281,-0.00517204099964369,-0.7772979736328125
931,48.0,-0.43465875899547024,-0.4760259,41.78303527832031,0.041367150189939306,6.2169647216796875
932,25.0,-0.587698808877204,-0.70969456,6.665565490722656,0.12199575546529473,18.334434509277344
933,10.0,-0.6875075370609434,-0.9375277,-27.574905395507812,0.2500201790988772,37.57490539550781
934,41.0,-0.4812361654812153,-0.894031,-21.037887573242188,0.41279482273518486,62.03788757324219
935,43.0,-0.4679283350567167,-0.83219564,-11.744804382324219,0.3642673045535738,54.74480438232422
936,38.0,-0.5011979111179632,-0.8258773,-10.795242309570312,0.32467939772755683,48.79524230957031
937,42.0,-0.474582250268966,-0.80549055,-7.7313690185546875,0.33090830311009284,49.73136901855469
938,39.0,-0.49454399590571385,-0.8096908,-8.36260986328125,0.3151467775813772,47.36260986328125
939,37.0,-0.5078518263302124,-0.82624894,-10.851097106933594,0.31839711747548216,47.851097106933594
940,35.0,-0.5211596567547111,-0.8485928,-14.209098815917969,0.3274331610286446,49.20909881591797
941,39.0,-0.49454399590571385,-0.83883697,-12.742919921875,0.344292972039385,51.742919921875
942,37.0,-0.5078518263302124,-0.8416082,-13.159400939941406,0.33375639996907347,50.159400939941406
943,28.0,-0.5677370632404561,-0.89688754,-21.467193603515625,0.3291504775768046,49.467193603515625
944,29.0,-0.5610831480282068,-0.9284435,-26.20965576171875,0.367360343430686,55.20965576171875
945,25.0,-0.587698808877204,-0.9668395,-31.980087280273438,0.37914068344381036,56.98008728027344
946,20.0,-0.6209683849384505,-1.0182644,-39.7086181640625,0.3972960279414933,59.7086181640625
947,16.0,-0.6475840457874477,-1.0723794,-47.84141540527344,0.4247953048747838,63.84141540527344
948,18.0,-0.6342762153629491,-1.0935385,-51.0213623046875,0.4592623073573878,69.0213623046875
949,23.0,-0.6010066393017026,-1.0757011,-48.34062194824219,0.47469447821386135,71.34062194824219
950,27.0,-0.5743909784527054,-1.0402491,-43.01263427734375,0.4658581308154831,70.01263427734375
951,21.0,-0.6143144697262012,-1.0522497,-44.816162109375,0.43793520030248534,65.816162109375
952,15.0,-0.6542379609996969,-1.0973458,-51.59355163574219,0.4431078680103129,66.59355163574219
953,10.0,-0.6875075370609434,-1.1545421,-60.18943786621094,0.4670345514476626,70.18943786621094
954,6.0,-0.7141231979099406,-1.2115966,-68.76402282714844,0.49747341025198566,74.76402282714844
955,17.0,-0.6409301305751983,-1.183445,-64.53317260742188,0.5425148462314423,81.53317260742188
956,22.0,-0.6076605545139518,-1.132395,-56.86100769042969,0.5247344745540413,78.86100769042969
957,21.0,-0.6143144697262012,-1.1069727,-53.04035949707031,0.49265822467077147,74.04035949707031
958,17.0,-0.6409301305751983,-1.1169269,-54.536346435546875,0.47599677791784367,71.53634643554688
959,16.0,-0.6475840457874477,-1.1310477,-56.65852355957031,0.4834636798900426,72.65852355957031
960,15.0,-0.6542379609996969,-1.144885,-58.73808288574219,0.4906469829624003,73.73808288574219
961,12.0,-0.6741997066364448,-1.1697447,-62.47419738769531,0.49554502335928274,74.47419738769531
962,19.0,-0.6276223001506998,-1.1459135,-58.892669677734375,0.5182911815616416,77.89266967773438
963,20.0,-0.6209683849384505,-1.1223303,-55.34840393066406,0.5013619230220597,75.34840393066406
964,18.0,-0.6342762153629491,-1.1200676,-55.00834655761719,0.4857913810725978,73.00834655761719
965,14.0,-0.6608918762119462,-1.1430204,-58.45787048339844,0.48212851525228717,72.45787048339844
966,9.0,-0.6941614522731927,-1.1865578,-65.00099182128906,0.4923963175021979,74.00099182128906
967,9.0,-0.6941614522731927,-1.2136629,-69.07455444335938,0.5195014105045173,78.07455444335938
968,12.0,-0.6741997066364448,-1.2114266,-68.73846435546875,0.5372269090785821,80.73846435546875
969,15.0,-0.6542379609996969,-1.191266,-65.70857238769531,0.5370279796665018,80.70857238769531
970,14.0,-0.6608918762119462,-1.1840576,-64.625244140625,0.5231657171336959,78.625244140625
971,12.0,-0.6741997066364448,-1.1924123,-65.88084411621094,0.5182125505580742,77.88084411621094
972,14.0,-0.6608918762119462,-1.1872861,-65.11045837402344,0.5263942623225997,79.11045837402344
973,11.0,-0.6808536218486941,-1.1999348,-67.01139831542969,0.5190812183536374,78.01139831542969
974,7.0,-0.7074692826976913,-1.2314174,-71.74282836914062,0.5239481348285538,78.74282836914062
975,4.0,-0.7274310283344392,-1.2682518,-77.27857971191406,0.5408207483608123,81.27857971191406
976,14.0,-0.6608918762119462,-1.2341051,-72.14675903320312,0.5732132339565108,86.14675903320312
977,17.0,-0.6409301305751983,-1.1916356,-65.76412963867188,0.5507054780978974,82.76412963867188
978,16.0,-0.6475840457874477,-1.1721245,-62.83184814453125,0.5245404592555821,78.83184814453125
979,14.0,-0.6608918762119462,-1.173793,-63.08259582519531,0.5129010820476363,77.08259582519531
980,12.0,-0.6741997066364448,-1.1873946,-65.12675476074219,0.5131949123515923,77.12675476074219
981,13.0,-0.6675457914241956,-1.1903434,-65.56991577148438,0.5227975885501697,78.56991577148438
982,16.0,-0.6475840457874477,-1.1740993,-63.12864685058594,0.5265152803462804,79.12864685058594
983,19.0,-0.6276223001506998,-1.1460912,-58.91937255859375,0.5184689226123618,77.91937255859375
984,23.0,-0.6010066393017026,-1.1061797,-52.921173095703125,0.5051730749011782,75.92117309570312
985,22.0,-0.6076605545139518,-1.0871837,-50.066314697265625,0.479523159399012,72.06631469726562
986,17.0,-0.6409301305751983,-1.1056266,-52.838043212890625,0.4646964525241669,69.83804321289062
987,14.0,-0.6608918762119462,-1.1360188,-57.405609130859375,0.4751268768398116,71.40560913085938
988,13.0,-0.6675457914241956,-1.1600437,-61.016265869140625,0.4924979250064685,74.01626586914062
989,13.0,-0.6675457914241956,-1.1735432,-63.045074462890625,0.5059974233737781,76.04507446289062
990,18.0,-0.6342762153629491,-1.1526952,-59.911865234375,0.5184189636226466,77.911865234375
991,13.0,-0.6675457914241956,-1.1660622,-61.9207763671875,0.4985164444080188,74.9207763671875
992,14.0,-0.6608918762119462,-1.1714903,-62.736541748046875,0.5105984354106734,76.73654174804688
993,15.0,-0.6542379609996969,-1.1683451,-62.26385498046875,0.5141071327274149,77.26385498046875
994,14.0,-0.6608918762119462,-1.1715177,-62.74066162109375,0.5106258535472701,76.74066162109375
995,8.0,-0.700815367485442,-1.2078286,-68.19773864746094,0.5070132734523631,76.19773864746094
996,2.0,-0.7407388587589377,-1.265578,-76.87675476074219,0.5248391727809792,78.87675476074219
997,12.0,-0.6741997066364448,-1.2449875,-73.78224182128906,0.570787781156524,85.78224182128906
998,14.0,-0.6608918762119462,-1.2155386,-69.3564453125,0.5546467447368453,83.3564453125
999,14.0,-0.6608918762119462,-1.1982554,-66.75900268554688,0.5373635435191939,80.75900268554688
1000,9.0,-0.6941614522731927,-1.2174757,-69.64756774902344,0.5233142004215094,78.64756774902344
1001,5.0,-0.7207771131221898,-1.2541807,-75.16386413574219,0.5334035566623561,80.16386413574219
1002,3.0,-0.7340849435466885,-1.2880121,-80.24830627441406,0.5539272034030795,83.24830627441406
1003,1.0,-0.7473927739711871,-1.3187425,-84.86669921875,0.5713497396854291,85.86669921875
1004,10.0,-0.6875075370609434,-1.2863857,-80.00387573242188,0.5988781183421938,90.00387573242188
1005,6.0,-0.7141231979099406,-1.2852964,-79.84017944335938,0.5711732422145711,85.84017944335938
1006,8.0,-0.700815367485442,-1.2765591,-78.52706909179688,0.5757437469707347,86.52706909179688
1007,6.0,-0.7141231979099406,-1.28208,-79.35679626464844,0.5679568563732015,85.35679626464844
1008,3.0,-0.7340849435466885,-1.3032433,-82.53736877441406,0.5691583359104038,85.53736877441406
1009,2.0,-0.7407388587589377,-1.3223492,-85.40873718261719,0.5816103319530374,87.40873718261719
1010,2.0,-0.7407388587589377,-1.3333077,-87.05567932128906,0.592568884313572,89.05567932128906
1011,3.0,-0.7340849435466885,-1.3336437,-87.10615539550781,0.5995587313037753,90.10615539550781
1012,1.0,-0.7473927739711871,-1.3444029,-88.72314453125,0.5970101353076825,89.72314453125
1013,2.0,-0.7407388587589377,-1.3461747,-88.98942565917969,0.6054358581905251,90.98942565917969
1014,1.0,-0.7473927739711871,-1.3521711,-89.89059448242188,0.6047782894519697,90.89059448242188
1015,1.0,-0.7473927739711871,-1.3561606,-90.49017333984375,0.6087678667453656,91.49017333984375
1016,1.0,-0.7473927739711871,-1.3584089,-90.82806396484375,0.6110161539462934,91.82806396484375
1017,0.0,-0.7540466891834363,-1.3652506,-91.85627746582031,0.6112038982799426,91.85627746582031
1018,4.0,-0.7274310283344392,-1.347384,-89.17115783691406,0.6199529476482268,93.17115783691406
1019,7.0,-0.7074692826976913,-1.3182565,-84.79365539550781,0.6107872146854264,91.79365539550781
1020,9.0,-0.6941614522731927,-1.2891524,-80.419677734375,0.5949909315311286,89.419677734375
1021,10.0,-0.6875075370609434,-1.2663685,-76.99554443359375,0.5788609712779849,86.99554443359375
1022,10.0,-0.6875075370609434,-1.2532088,-75.01780700683594,0.565701219385895,85.01780700683594
1023,7.0,-0.7074692826976913,-1.2627648,-76.45394897460938,0.5552955288181168,83.45394897460938
1024,5.0,-0.7207771131221898,-1.2810872,-79.20758056640625,0.5603100469882838,84.20758056640625
1025,8.0,-0.700815367485442,-1.2753351,-78.34310913085938,0.5745197059856273,86.34310913085938
1026,9.0,-0.6941614522731927,-1.2642816,-76.68191528320312,0.5701201782428595,85.68191528320312
1027,11.0,-0.6808536218486941,-1.246235,-73.9697265625,0.5653813911594235,84.9697265625
1028,15.0,-0.6542379609996969,-1.212551,-68.90745544433594,0.5583130367343729,83.90745544433594
1029,14.0,-0.6608918762119462,-1.1969755,-66.56663513183594,0.5360835933772872,80.56663513183594
1030,10.0,-0.6875075370609434,-1.2116474,-68.77165222167969,0.5241398542583315,78.77165222167969
1031,8.0,-0.700815367485442,-1.2336286,-72.07514953613281,0.5328132631526805,80.07514953613281
1032,11.0,-0.6808536218486941,-1.2298636,-71.50932312011719,0.5490100217975461,82.50932312011719
1033,13.0,-0.6675457914241956,-1.2142106,-69.15687561035156,0.5466648380390002,82.15687561035156
1034,15.0,-0.6542379609996969,-1.1929537,-65.96221923828125,0.5387157447879618,80.96221923828125
1035,17.0,-0.6409301305751983,-1.1687946,-62.3314208984375,0.5278645013828095,79.3314208984375
1036,12.0,-0.6741997066364448,-1.1823874,-64.37423706054688,0.5081876453533013,76.37423706054688
1037,9.0,-0.6941614522731927,-1.2101915,-68.55284118652344,0.5160300359927985,77.55284118652344
1038,6.0,-0.7141231979099406,-1.244247,-73.67095947265625,0.5301237617763387,79.67095947265625
1039,16.0,-0.6475840457874477,-1.2083586,-68.27738952636719,0.5607745996517003,84.27738952636719
1040,20.0,-0.6209683849384505,-1.1591815,-60.88667297363281,0.5382130907008927,80.88667297363281
1041,25.0,-0.587698808877204,-1.1014661,-52.2127685546875,0.5137672508075494,77.2127685546875
1042,23.0,-0.6010066393017026,-1.0778912,-48.669769287109375,0.4768845912814883,71.66976928710938
1043,27.0,-0.5743909784527054,-1.0439664,-43.57130432128906,0.4695754340915451,70.57130432128906
1044,22.0,-0.6076605545139518,-1.0504395,-44.54411315917969,0.44277892245290607,66.54411315917969
1045,15.0,-0.6542379609996969,-1.0965295,-51.47087097167969,0.4422915227954691,66.47087097167969
1046,22.0,-0.6076605545139518,-1.0869249,-50.02742004394531,0.4792643560313973,72.02742004394531
1047,25.0,-0.587698808877204,-1.0593817,-45.888031005859375,0.4716829145267266,70.88803100585938
1048,26.0,-0.5810448936649547,-1.0363395,-42.425079345703125,0.45529462774312635,68.42507934570312
1049,35.0,-0.5211596567547111,-0.9721275,-32.774810791015625,0.4509678404414864,67.77481079101562
1050,36.0,-0.5145057415424618,-0.9240096,-25.543304443359375,0.4095038796008793,61.543304443359375
1051,29.0,-0.5610831480282068,-0.93762654,-27.589752197265625,0.37654339263265135,56.589752197265625
1052,29.0,-0.5610831480282068,-0.95079863,-29.569351196289062,0.3897154826862097,58.56935119628906
1053,37.0,-0.5078518263302124,-0.9112286,-23.622467041015625,0.40337677083394163,60.622467041015625
1054,39.0,-0.49454399590571385,-0.8709964,-17.576080322265625,0.37645241970936794,56.576080322265625
1055,40.0,-0.48789008069346457,-0.8416055,-13.158988952636719,0.35371540379216165,53.15898895263672
1056,45.0,-0.4546205046322181,-0.79622287,-6.338554382324219,0.34160236094929436,51.33855438232422
1057,41.0,-0.4812361654812153,-0.79099995,-5.553611755371094,0.3097637834972088,46.553611755371094
1058,47.0,-0.4413126742077195,-0.75674385,-0.4053497314453125,0.3154311741161025,47.40534973144531
1059,47.0,-0.4413126742077195,-0.7332124,3.1311264038085938,0.2918997371959365,43.868873596191406
1060,49.0,-0.4280048437832209,-0.70863223,6.825225830078125,0.2806273869754461,42.174774169921875
1061,50.0,-0.4213509285709716,-0.68789035,9.942466735839844,0.2665394222476624,40.057533264160156
1062,39.0,-0.49454399590571385,-0.7398899,2.1275863647460938,0.24534592385212917,36.872413635253906
1063,17.0,-0.6409301305751983,-0.9041442,-22.557785034179688,0.2632140969295319,39.55778503417969
1064,19.0,-0.6276223001506998,-0.9972945,-36.557098388671875,0.3696721854183005,55.557098388671875
1065,18.0,-0.6342762153629491,-1.0504546,-44.54640197753906,0.41617840118368177,62.54640197753906
1066,17.0,-0.6409301305751983,-1.0847774,-49.70466613769531,0.4438472246188935,66.70466613769531
1067,48.0,-0.43465875899547024,-0.9279594,-26.13690185546875,0.49330062353855686,74.13690185546875
1068,58.0,-0.3681196068729773,-0.759071,-0.7550888061523438,0.3909513855968103,58.755088806152344
1069,53.0,-0.40138918293422376,-0.6879968,9.926467895507812,0.2866076217799791,43.07353210449219
1070,59.0,-0.36146569166072795,-0.62083596,20.01990509033203,0.2593702682506185,38.98009490966797
1071,58.0,-0.3681196068729773,-0.5862078,25.224075317382812,0.2180882001910791,32.77592468261719
1072,47.0,-0.4413126742077195,-0.6325653,18.257125854492188,0.19125264533039693,28.742874145507812
1073,28.0,-0.5677370632404561,-0.77788657,-3.5828323364257812,0.21014950625951334,31.58283233642578
1074,32.0,-0.5411214023914589,-0.8486628,-14.219612121582031,0.3075413912448631,46.21961212158203
1075,37.0,-0.5078518263302124,-0.85311455,-14.888656616210938,0.345262719015094,51.88865661621094
1076,36.0,-0.5145057415424618,-0.8557204,-15.280288696289062,0.34121465926777994,51.28028869628906
1077,45.0,-0.4546205046322181,-0.8056287,-7.75213623046875,0.3510082123134301,52.75213623046875
1078,49.0,-0.4280048437832209,-0.7481658,0.8838272094726562,0.320160942483106,48.116172790527344
1079,37.0,-0.5078518263302124,-0.7838598,-4.480537414550781,0.27600796304127806,41.48053741455078
1080,24.0,-0.5943527240894533,-0.88932294,-20.330322265625,0.2949702124454283,44.330322265625
1081,49.0,-0.4280048437832209,-0.8119592,-8.703529357910156,0.383954363274732,57.703529357910156
1082,54.0,-0.3947352677219744,-0.7189949,5.2678375244140625,0.32425964776340765,48.73216247558594
1083,63.0,-0.3348500308117308,-0.6109852,21.500343322753906,0.27613518866687636,41.499656677246094
1084,71.0,-0.28161870911373643,-0.4989893,38.33192443847656,0.21737060472712966,32.66807556152344
1085,65.0,-0.3215422003872322,-0.46721402,43.10735321044922,0.14567181771922838,21.89264678955078
1086,49.0,-0.4280048437832209,-0.5500754,30.654327392578125,0.12207056801334892,18.345672607421875
1087,30.0,-0.5544292328159576,-0.72058386,5.029045104980469,0.16615462328984687,24.97095489501953
1088,47.0,-0.4413126742077195,-0.729351,3.711456298828125,0.2880383098888076,43.288543701171875
1089,60.0,-0.35481177644847867,-0.64196175,16.84496307373047,0.287149976919899,43.15503692626953
1090,63.0,-0.3348500308117308,-0.56385654,28.58319091796875,0.2290065112987123,34.41680908203125
1091,65.0,-0.3215422003872322,-0.50794435,36.98609161376953,0.18640214508701097,28.01390838623047
1092,62.0,-0.3415039460239801,-0.49494013,38.940467834472656,0.1534361858787146,23.059532165527344
1093,46.0,-0.4479665894199688,-0.58502406,25.4019775390625,0.13705746939884833,20.5980224609375
1094,30.0,-0.5544292328159576,-0.74142414,1.8970108032226562,0.186994910498404,28.102989196777344
1095,45.0,-0.4546205046322181,-0.7516985,0.3529052734375,0.29707798932530144,44.6470947265625
1096,53.0,-0.40138918293422376,-0.69634753,8.671455383300781,0.2949583517223009,44.32854461669922
1097,41.0,-0.4812361654812153,-0.72802347,3.9109649658203125,0.24678730396687432,37.08903503417969
1098,74.0,-0.2616569634769886,-0.56375796,28.598007202148438,0.30210099255099604,45.40199279785156
1099,43.0,-0.4679283350567167,-0.6268037,19.123023986816406,0.15887536109883138,23.876976013183594
1100,19.0,-0.6276223001506998,-0.8274967,-11.038619995117188,0.19987440728872286,30.038619995117188
1101,11.0,-0.6808536218486941,-1.000519,-37.04170227050781,0.31966541539800997,48.04170227050781
1102,35.0,-0.5211596567547111,-0.9625063,-31.328872680664062,0.4413466374957772,66.32887268066406
1103,46.0,-0.4479665894199688,-0.8579787,-15.619674682617188,0.4100121121715229,61.61967468261719
1104,47.0,-0.4413126742077195,-0.78587776,-4.7838134765625,0.3445650900172866,51.7838134765625
1105,41.0,-0.4812361654812153,-0.7824798,-4.2731475830078125,0.30124365715443535,45.27314758300781
1106,37.0,-0.5078518263302124,-0.8104628,-8.478630065917969,0.3026109465160095,45.47863006591797
1107,31.0,-0.5477753176037082,-0.86417764,-16.551300048828125,0.31640232664906887,47.551300048828125
1108,25.0,-0.587698808877204,-0.9317854,-26.711898803710938,0.3440865958049554,51.71189880371094
1109,37.0,-0.5078518263302124,-0.9033291,-22.435272216796875,0.39547724805256956,59.435272216796875
1110,43.0,-0.4679283350567167,-0.8426662,-13.318405151367188,0.37473787368733236,56.31840515136719
1111,52.0,-0.40804309814647305,-0.7520997,0.29261016845703125,0.34405659467502964,51.70738983154297
1112,54.0,-0.3947352677219744,-0.68418115,10.499916076660156,0.28944588605228705,43.500083923339844
1113,44.0,-0.4612744198444674,-0.7048121,7.3993377685546875,0.24353768962590006,36.60066223144531
1114,30.0,-0.5544292328159576,-0.8071193,-7.9761505126953125,0.2526900770862336,37.97615051269531
1115,20.0,-0.6209683849384505,-0.93083066,-26.56842041015625,0.3098622725436967,46.56842041015625
1116,32.0,-0.5411214023914589,-0.936017,-27.347854614257812,0.3948955744418846,59.34785461425781
1117,31.0,-0.5477753176037082,-0.9340666,-27.054733276367188,0.38629127604329494,58.05473327636719
1118,33.0,-0.5344674871792097,-0.9215835,-25.178680419921875,0.3871159865031939,58.178680419921875
1119,37.0,-0.5078518263302124,-0.8905086,-20.508514404296875,0.38265676579854124,57.508514404296875
1120,28.0,-0.5677370632404561,-0.92306256,-25.400970458984375,0.35532549970204874,53.400970458984375
1121,27.0,-0.5743909784527054,-0.95374256,-30.01177978515625,0.37935158527181245,57.01177978515625
1122,21.0,-0.6143144697262012,-1.0048378,-37.69075012207031,0.3905232816623486,58.69075012207031
1123,30.0,-0.5544292328159576,-0.9859393,-34.850555419921875,0.43151009108617255,64.85055541992188
1124,34.0,-0.5278135719669603,-0.94589376,-28.83221435546875,0.4180801925288893,62.83221435546875
1125,37.0,-0.5078518263302124,-0.9032611,-22.425064086914062,0.3954092987575256,59.42506408691406
1126,42.0,-0.474582250268966,-0.84905666,-14.27880859375,0.3744744108600318,56.27880859375
1127,38.0,-0.5011979111179632,-0.8392556,-12.805824279785156,0.33805766024739325,50.805824279785156
1128,26.0,-0.5810448936649547,-0.9071692,-23.01239013671875,0.32612432916677137,49.01239013671875
1129,11.0,-0.6808536218486941,-1.0376878,-42.62770080566406,0.35683415662420626,53.62770080566406
1130,10.0,-0.6875075370609434,-1.1241372,-55.619964599609375,0.4366296261012881,65.61996459960938
1131,23.0,-0.6010066393017026,-1.0978103,-51.663360595703125,0.496803629100397,74.66336059570312
1132,36.0,-0.5145057415424618,-1.0004061,-37.02473449707031,0.48590040450703775,73.02473449707031
1133,40.0,-0.48789008069346457,-0.9141535,-24.062042236328125,0.42626343559910745,64.06204223632812
1134,24.0,-0.5943527240894533,-0.9573326,-30.55133056640625,0.3629798869945311,54.55133056640625
1135,18.0,-0.6342762153629491,-1.0272617,-41.060791015625,0.39298551864583997,59.060791015625
1136,14.0,-0.6608918762119462,-1.0918555,-50.7684326171875,0.43096364975851276,64.7684326171875
1137,13.0,-0.6675457914241956,-1.134568,-57.18757629394531,0.46702218457372924,70.18757629394531
1138,11.0,-0.6808536218486941,-1.1694837,-62.434967041015625,0.4886300398029172,73.43496704101562
1139,16.0,-0.6475840457874477,-1.1619892,-61.30863952636719,0.5144051662486852,77.30863952636719
1140,15.0,-0.6542379609996969,-1.1604807,-61.081939697265625,0.5062427766864603,76.08193969726562
1141,20.0,-0.6209683849384505,-1.1327271,-56.910919189453125,0.5117587612102311,76.91091918945312
1142,18.0,-0.6342762153629491,-1.1257484,-55.86210632324219,0.4914721805568507,73.86210632324219
1143,117.0,0.024461390649731116,-0.54851276,30.889175415039062,0.5729741474742245,86.11082458496094
1144,76.0,-0.24834913305248996,-0.38484246,55.48676681518555,0.13649332233462552,20.513233184814453
1145,68.0,-0.30158045475048434,-0.3805414,56.13315963745117,0.07896095927196134,11.866840362548828
1146,23.0,-0.6010066393017026,-0.6544817,14.963363647460938,0.05347506970174587,8.036636352539062
1147,11.0,-0.6808536218486941,-0.90786594,-23.117111206054688,0.22701231967581148,34.11711120605469
1148,27.0,-0.5743909784527054,-0.95986396,-30.9317626953125,0.38547298229024507,57.9317626953125
